# The phyletic profiles are given as one HOG (at its root level)
# per row, starting with a group identifier, followed by the number
# of entries per species in the group as columns. The first row
# contains the species for each column.
Group	Bovismorbificans_CVM_30176	ECOLI	SALTY
HOG00001	1	0	1
HOG00002	1	0	1
HOG00003	1	0	1
HOG00004	1	0	1
HOG00005	1	0	1
HOG00006	1	0	1
HOG00007	1	0	1
HOG00008	1	0	1
HOG00009	1	0	1
HOG00010	1	0	1
HOG00011	1	0	1
HOG00012	1	0	1
HOG00013	1	0	1
HOG00014	1	0	1
HOG00015	1	0	1
HOG00016	1	0	1
HOG00017	1	0	1
HOG00018	1	0	1
HOG00019	1	0	1
HOG00020	1	0	1
HOG00021	1	0	2
HOG00022	1	0	1
HOG00023	1	0	1
HOG00024	1	0	1
HOG00025	1	0	1
HOG00026	1	0	1
HOG00027	1	0	1
HOG00028	1	0	1
HOG00029	1	0	1
HOG00030	1	0	1
HOG00031	1	0	1
HOG00032	1	0	1
HOG00033	1	0	1
HOG00034	1	0	1
HOG00035	1	0	1
HOG00036	1	0	1
HOG00037	1	0	1
HOG00038	1	0	1
HOG00039	1	0	1
HOG00040	1	0	1
HOG00041	1	0	1
HOG00042	1	0	1
HOG00043	1	0	1
HOG00044	1	0	1
HOG00045	1	0	1
HOG00046	1	0	1
HOG00047	1	0	1
HOG00048	1	0	1
HOG00049	1	0	1
HOG00050	1	0	1
HOG00051	1	0	1
HOG00052	1	0	1
HOG00053	1	0	1
HOG00054	1	0	1
HOG00055	1	0	1
HOG00056	1	0	1
HOG00057	1	0	1
HOG00058	1	0	3
HOG00059	1	0	1
HOG00060	1	0	1
HOG00061	1	0	1
HOG00062	1	0	1
HOG00063	1	0	1
HOG00064	1	0	1
HOG00065	1	0	1
HOG00066	1	0	1
HOG00067	1	0	1
HOG00068	1	0	1
HOG00069	1	0	1
HOG00070	1	0	1
HOG00071	1	0	1
HOG00072	1	0	1
HOG00073	1	0	1
HOG00074	1	0	1
HOG00075	1	0	1
HOG00076	1	0	1
HOG00077	1	0	1
HOG00078	1	0	1
HOG00079	2	0	1
HOG00080	1	0	1
HOG00081	1	0	1
HOG00082	1	0	1
HOG00083	1	0	1
HOG00084	1	0	1
HOG00085	1	0	1
HOG00086	1	0	1
HOG00087	1	0	1
HOG00088	1	0	1
HOG00089	1	0	1
HOG00090	1	0	1
HOG00091	1	0	1
HOG00092	1	0	1
HOG00093	1	0	1
HOG00094	1	0	1
HOG00095	1	0	1
HOG00096	1	0	1
HOG00097	1	0	1
HOG00098	1	0	1
HOG00099	1	0	1
HOG00100	1	0	1
HOG00101	1	0	1
HOG00102	1	0	1
HOG00103	1	0	1
HOG00104	1	0	1
HOG00105	1	0	1
HOG00106	1	0	1
HOG00107	1	0	1
HOG00108	1	0	1
HOG00109	1	0	1
HOG00110	1	0	1
HOG00111	1	0	1
HOG00112	1	0	1
HOG00113	1	0	1
HOG00114	1	0	1
HOG00115	1	0	1
HOG00116	1	0	1
HOG00117	1	0	1
HOG00118	1	0	1
HOG00119	1	0	1
HOG00120	1	0	1
HOG00121	1	0	1
HOG00122	1	0	1
HOG00123	1	0	1
HOG00124	1	0	1
HOG00125	1	0	1
HOG00126	1	0	1
HOG00127	1	0	1
HOG00128	1	0	1
HOG00129	1	0	1
HOG00130	1	0	1
HOG00131	1	0	1
HOG00132	1	0	1
HOG00133	1	0	1
HOG00134	1	0	1
HOG00135	1	0	1
HOG00136	1	0	1
HOG00137	1	0	1
HOG00138	1	0	1
HOG00139	1	0	1
HOG00140	1	0	1
HOG00141	1	0	1
HOG00142	1	0	1
HOG00143	1	0	1
HOG00144	1	0	1
HOG00145	1	0	1
HOG00146	1	0	1
HOG00147	1	0	1
HOG00148	1	0	1
HOG00149	1	0	1
HOG00150	1	0	1
HOG00151	1	0	1
HOG00152	1	0	1
HOG00153	1	0	1
HOG00154	1	0	1
HOG00155	1	0	1
HOG00156	1	0	1
HOG00157	1	0	1
HOG00158	1	0	1
HOG00159	1	0	1
HOG00160	1	0	1
HOG00161	1	0	1
HOG00162	1	0	1
HOG00163	1	0	1
HOG00164	1	0	1
HOG00165	1	0	1
HOG00166	1	0	1
HOG00167	1	0	1
HOG00168	1	0	1
HOG00169	1	0	1
HOG00170	1	0	1
HOG00171	1	0	1
HOG00172	1	0	1
HOG00173	1	0	1
HOG00174	1	0	1
HOG00175	1	0	1
HOG00176	1	0	1
HOG00177	1	0	1
HOG00178	1	0	1
HOG00179	1	0	1
HOG00180	1	0	1
HOG00181	1	0	1
HOG00182	1	0	1
HOG00183	1	0	1
HOG00184	1	0	1
HOG00185	1	0	1
HOG00186	1	0	1
HOG00187	1	0	1
HOG00188	1	0	1
HOG00189	1	0	1
HOG00190	1	0	1
HOG00191	1	0	1
HOG00192	1	0	1
HOG00193	1	0	2
HOG00194	1	0	1
HOG00195	1	0	1
HOG00196	1	0	1
HOG00197	1	0	1
HOG00198	1	0	1
HOG00199	1	0	1
HOG00200	1	0	1
HOG00201	1	0	1
HOG00202	1	0	1
HOG00203	1	0	1
HOG00204	1	0	1
HOG00205	1	0	1
HOG00206	1	0	1
HOG00207	1	0	1
HOG00208	1	0	1
HOG00209	1	0	1
HOG00210	1	0	1
HOG00211	1	0	1
HOG00212	1	0	1
HOG00213	1	0	1
HOG00214	1	0	1
HOG00215	1	0	1
HOG00216	1	0	1
HOG00217	1	0	1
HOG00218	1	0	1
HOG00219	1	0	1
HOG00220	1	0	1
HOG00221	1	0	1
HOG00222	1	0	1
HOG00223	1	0	1
HOG00224	1	0	1
HOG00225	1	0	1
HOG00226	1	0	1
HOG00227	1	0	1
HOG00228	1	0	1
HOG00229	1	0	1
HOG00230	1	0	1
HOG00231	1	0	1
HOG00232	1	0	1
HOG00233	1	0	1
HOG00234	1	0	1
HOG00235	1	0	1
HOG00236	1	0	1
HOG00237	1	0	1
HOG00238	1	0	1
HOG00239	1	0	1
HOG00240	1	0	1
HOG00241	1	0	1
HOG00242	1	0	1
HOG00243	1	0	1
HOG00244	1	0	1
HOG00245	1	0	1
HOG00246	1	0	1
HOG00247	1	0	1
HOG00248	1	0	1
HOG00249	1	0	1
HOG00250	1	0	1
HOG00251	1	0	1
HOG00252	1	0	1
HOG00253	1	0	1
HOG00254	1	0	1
HOG00255	1	0	1
HOG00256	1	0	1
HOG00257	1	0	1
HOG00258	1	0	1
HOG00259	1	0	1
HOG00260	1	0	1
HOG00261	1	0	1
HOG00262	1	0	1
HOG00263	1	0	1
HOG00264	1	0	1
HOG00265	1	0	1
HOG00266	1	0	1
HOG00267	1	0	1
HOG00268	1	0	1
HOG00269	1	0	1
HOG00270	1	0	1
HOG00271	1	0	1
HOG00272	1	0	1
HOG00273	1	0	1
HOG00274	1	0	1
HOG00275	1	0	1
HOG00276	1	0	1
HOG00277	1	0	1
HOG00278	1	0	1
HOG00279	1	0	1
HOG00280	1	0	1
HOG00281	1	0	1
HOG00282	1	0	1
HOG00283	1	0	1
HOG00284	1	0	1
HOG00285	1	0	1
HOG00286	1	0	1
HOG00287	1	0	1
HOG00288	1	0	1
HOG00289	1	0	1
HOG00290	1	0	1
HOG00291	1	0	1
HOG00292	1	0	1
HOG00293	1	0	1
HOG00294	1	0	1
HOG00295	1	0	1
HOG00296	1	0	1
HOG00297	1	0	1
HOG00298	1	0	1
HOG00299	1	0	1
HOG00300	1	0	1
HOG00301	1	0	1
HOG00302	1	0	1
HOG00303	1	0	1
HOG00304	1	0	1
HOG00305	1	0	1
HOG00306	1	0	1
HOG00307	1	0	1
HOG00308	1	0	1
HOG00309	1	0	1
HOG00310	1	0	1
HOG00311	1	0	1
HOG00312	1	0	1
HOG00313	1	0	1
HOG00314	1	0	1
HOG00315	1	0	1
HOG00316	1	0	1
HOG00317	1	0	1
HOG00318	1	0	1
HOG00319	1	0	1
HOG00320	1	0	1
HOG00321	1	0	1
HOG00322	1	0	1
HOG00323	1	0	1
HOG00324	1	0	1
HOG00325	1	0	1
HOG00326	1	0	1
HOG00327	1	0	1
HOG00328	1	0	1
HOG00329	1	0	1
HOG00330	1	0	1
HOG00331	1	0	1
HOG00332	1	0	1
HOG00333	1	0	1
HOG00334	1	0	1
HOG00335	1	0	1
HOG00336	1	0	1
HOG00337	1	0	1
HOG00338	1	0	1
HOG00339	1	0	1
HOG00340	1	0	1
HOG00341	1	0	1
HOG00342	1	0	1
HOG00343	1	0	1
HOG00344	1	0	1
HOG00345	1	0	1
HOG00346	1	0	1
HOG00347	1	0	1
HOG00348	1	0	1
HOG00349	1	0	1
HOG00350	1	0	1
HOG00351	1	0	1
HOG00352	1	0	2
HOG00353	1	0	1
HOG00354	1	0	1
HOG00355	1	0	1
HOG00356	1	0	1
HOG00357	1	0	1
HOG00358	1	0	1
HOG00359	1	0	1
HOG00360	1	0	1
HOG00361	1	0	1
HOG00362	1	0	1
HOG00363	1	0	1
HOG00364	1	0	1
HOG00365	1	0	1
HOG00366	1	0	1
HOG00367	1	0	1
HOG00368	1	0	1
HOG00369	1	0	1
HOG00370	1	0	1
HOG00371	1	0	1
HOG00372	1	0	1
HOG00373	1	0	1
HOG00374	1	0	1
HOG00375	1	0	1
HOG00376	1	0	1
HOG00377	1	0	1
HOG00378	1	0	1
HOG00379	1	0	1
HOG00380	1	0	1
HOG00381	1	0	1
HOG00382	1	0	2
HOG00383	1	0	1
HOG00384	1	0	1
HOG00385	1	0	1
HOG00386	1	0	1
HOG00387	1	0	1
HOG00388	1	0	1
HOG00389	1	0	1
HOG00390	1	0	1
HOG00391	1	0	1
HOG00392	1	0	1
HOG00393	1	0	1
HOG00394	1	0	1
HOG00395	1	0	1
HOG00396	1	0	1
HOG00397	1	0	1
HOG00398	1	0	1
HOG00399	1	0	1
HOG00400	1	0	1
HOG00401	1	0	1
HOG00402	1	0	1
HOG00403	1	0	1
HOG00404	1	0	1
HOG00405	1	0	1
HOG00406	1	0	1
HOG00407	1	0	1
HOG00408	1	0	1
HOG00409	1	0	1
HOG00410	1	0	1
HOG00411	1	0	1
HOG00412	1	0	1
HOG00413	1	0	1
HOG00414	1	0	1
HOG00415	1	0	1
HOG00416	1	0	1
HOG00417	1	0	1
HOG00418	1	0	1
HOG00419	1	0	1
HOG00420	1	0	1
HOG00421	1	0	1
HOG00422	1	0	1
HOG00423	1	0	1
HOG00424	1	0	1
HOG00425	1	0	1
HOG00426	1	0	1
HOG00427	1	0	1
HOG00428	1	0	1
HOG00429	1	0	1
HOG00430	1	0	1
HOG00431	1	0	1
HOG00432	1	0	1
HOG00433	1	0	2
HOG00434	1	0	1
HOG00435	1	0	1
HOG00436	1	0	1
HOG00437	1	0	1
HOG00438	1	0	1
HOG00439	1	0	1
HOG00440	1	0	1
HOG00441	1	0	1
HOG00442	1	0	1
HOG00443	1	0	1
HOG00444	1	0	1
HOG00445	1	0	1
HOG00446	1	0	1
HOG00447	1	0	1
HOG00448	1	0	1
HOG00449	1	0	1
HOG00450	1	0	1
HOG00451	1	0	1
HOG00452	1	0	1
HOG00453	1	0	1
HOG00454	1	0	1
HOG00455	1	0	1
HOG00456	1	0	1
HOG00457	1	0	1
HOG00458	1	0	1
HOG00459	1	0	1
HOG00460	1	0	1
HOG00461	1	0	1
HOG00462	1	0	1
HOG00463	1	0	1
HOG00464	1	0	1
HOG00465	1	0	1
HOG00466	1	0	1
HOG00467	1	0	1
HOG00468	1	0	1
HOG00469	1	0	1
HOG00470	1	0	1
HOG00471	1	0	1
HOG00472	1	0	1
HOG00473	1	0	1
HOG00474	1	0	1
HOG00475	1	0	1
HOG00476	1	0	1
HOG00477	1	0	1
HOG00478	1	0	1
HOG00479	1	0	1
HOG00480	1	0	1
HOG00481	1	0	1
HOG00482	1	0	1
HOG00483	1	0	1
HOG00484	1	0	1
HOG00485	1	0	1
HOG00486	1	0	1
HOG00487	1	0	1
HOG00488	1	0	1
HOG00489	1	0	1
HOG00490	1	0	1
HOG00491	1	0	1
HOG00492	1	0	1
HOG00493	1	0	1
HOG00494	1	0	1
HOG00495	1	0	1
HOG00496	1	0	1
HOG00497	1	0	1
HOG00498	1	0	1
HOG00499	1	0	2
HOG00500	1	0	1
HOG00501	1	0	1
HOG00502	1	0	1
HOG00503	1	0	1
HOG00504	1	0	1
HOG00505	1	0	1
HOG00506	1	0	1
HOG00507	1	0	1
HOG00508	1	0	1
HOG00509	1	0	1
HOG00510	1	0	1
HOG00511	1	0	1
HOG00512	1	0	1
HOG00513	1	0	1
HOG00514	1	0	1
HOG00515	1	0	1
HOG00516	1	0	1
HOG00517	1	0	1
HOG00518	1	0	1
HOG00519	1	0	1
HOG00520	1	0	1
HOG00521	1	0	1
HOG00522	1	0	1
HOG00523	1	0	1
HOG00524	1	0	1
HOG00525	1	0	1
HOG00526	1	0	1
HOG00527	1	0	1
HOG00528	1	0	1
HOG00529	1	0	1
HOG00530	1	0	1
HOG00531	1	0	1
HOG00532	1	0	1
HOG00533	1	0	1
HOG00534	1	0	1
HOG00535	1	0	1
HOG00536	1	0	1
HOG00537	1	0	1
HOG00538	1	0	1
HOG00539	1	0	1
HOG00540	1	0	1
HOG00541	1	0	1
HOG00542	1	0	1
HOG00543	1	0	1
HOG00544	1	0	1
HOG00545	1	0	1
HOG00546	1	0	1
HOG00547	1	0	1
HOG00548	1	0	1
HOG00549	1	0	1
HOG00550	1	0	1
HOG00551	1	0	1
HOG00552	1	0	1
HOG00553	1	0	1
HOG00554	1	0	1
HOG00555	1	0	1
HOG00556	1	0	1
HOG00557	1	0	1
HOG00558	1	0	1
HOG00559	1	0	1
HOG00560	1	0	1
HOG00561	1	0	1
HOG00562	1	0	1
HOG00563	1	0	1
HOG00564	1	0	1
HOG00565	1	0	1
HOG00566	1	0	1
HOG00567	1	0	1
HOG00568	1	0	1
HOG00569	1	0	1
HOG00570	1	0	1
HOG00571	1	0	1
HOG00572	1	0	1
HOG00573	1	0	1
HOG00574	1	0	1
HOG00575	1	0	1
HOG00576	1	0	2
HOG00577	1	0	1
HOG00578	1	0	1
HOG00579	1	0	1
HOG00580	1	0	1
HOG00581	1	0	1
HOG00582	1	0	1
HOG00583	1	0	1
HOG00584	1	0	1
HOG00585	1	0	1
HOG00586	1	0	1
HOG00587	1	0	1
HOG00588	1	0	1
HOG00589	1	0	1
HOG00590	1	0	1
HOG00591	1	0	1
HOG00592	1	0	1
HOG00593	1	0	1
HOG00594	1	0	1
HOG00595	1	0	1
HOG00596	1	0	1
HOG00597	1	0	1
HOG00598	1	0	1
HOG00599	1	0	1
HOG00600	1	0	1
HOG00601	1	0	1
HOG00602	1	0	1
HOG00603	1	0	1
HOG00604	1	0	1
HOG00605	1	0	1
HOG00606	1	0	1
HOG00607	1	0	1
HOG00608	1	0	1
HOG00609	1	0	1
HOG00610	1	0	1
HOG00611	1	0	1
HOG00612	1	0	1
HOG00613	1	0	1
HOG00614	1	0	1
HOG00615	1	0	1
HOG00616	1	0	1
HOG00617	1	0	2
HOG00618	1	0	1
HOG00619	1	0	1
HOG00620	1	0	1
HOG00621	1	0	1
HOG00622	1	0	1
HOG00623	1	0	1
HOG00624	1	0	1
HOG00625	1	0	1
HOG00626	1	0	1
HOG00627	1	0	1
HOG00628	1	0	1
HOG00629	1	0	1
HOG00630	1	0	1
HOG00631	1	0	1
HOG00632	1	0	1
HOG00633	1	0	1
HOG00634	1	0	1
HOG00635	1	0	1
HOG00636	1	0	1
HOG00637	1	0	1
HOG00638	1	0	1
HOG00639	1	0	1
HOG00640	1	0	1
HOG00641	1	0	1
HOG00642	1	0	1
HOG00643	1	0	1
HOG00644	1	0	1
HOG00645	1	0	1
HOG00646	1	0	1
HOG00647	1	0	1
HOG00648	1	0	1
HOG00649	1	0	1
HOG00650	1	0	1
HOG00651	2	0	1
HOG00652	1	0	1
HOG00653	1	0	1
HOG00654	1	0	1
HOG00655	1	0	1
HOG00656	1	0	1
HOG00657	1	0	1
HOG00658	1	0	1
HOG00659	1	0	1
HOG00660	1	0	1
HOG00661	1	0	1
HOG00662	1	0	1
HOG00663	1	0	1
HOG00664	1	0	1
HOG00665	1	0	1
HOG00666	1	0	1
HOG00667	1	0	1
HOG00668	1	0	1
HOG00669	1	0	1
HOG00670	1	0	1
HOG00671	1	0	1
HOG00672	1	0	2
HOG00673	1	0	1
HOG00674	1	0	1
HOG00675	1	0	1
HOG00676	1	0	1
HOG00677	1	0	1
HOG00678	1	0	1
HOG00679	1	0	1
HOG00680	1	0	1
HOG00681	1	0	1
HOG00682	1	0	1
HOG00683	1	0	1
HOG00684	1	0	1
HOG00685	1	0	1
HOG00686	1	0	1
HOG00687	1	0	1
HOG00688	1	0	1
HOG00689	1	0	1
HOG00690	1	0	1
HOG00691	1	0	1
HOG00692	1	0	1
HOG00693	1	0	1
HOG00694	1	0	1
HOG00695	1	0	1
HOG00696	1	0	1
HOG00697	1	0	1
HOG00698	1	0	1
HOG00699	1	0	1
HOG00700	1	0	1
HOG00701	1	0	1
HOG00702	1	0	1
HOG00703	1	0	1
HOG00704	1	0	1
HOG00705	1	0	1
HOG00706	1	0	1
HOG00707	1	0	1
HOG00708	1	0	1
HOG00709	1	0	1
HOG00710	1	0	1
HOG00711	1	0	1
HOG00712	1	0	1
HOG00713	1	0	1
HOG00714	1	0	1
HOG00715	1	0	1
HOG00716	1	0	1
HOG00717	1	0	1
HOG00718	1	0	1
HOG00719	1	0	1
HOG00720	1	0	1
HOG00721	1	0	1
HOG00722	1	0	1
HOG00723	1	0	1
HOG00724	1	0	1
HOG00725	1	0	1
HOG00726	1	0	1
HOG00727	1	0	1
HOG00728	1	0	1
HOG00729	1	0	1
HOG00730	1	0	1
HOG00731	1	0	1
HOG00732	1	0	1
HOG00733	1	0	1
HOG00734	1	0	1
HOG00735	1	0	1
HOG00736	1	0	1
HOG00737	1	0	1
HOG00738	1	0	1
HOG00739	1	0	1
HOG00740	1	0	1
HOG00741	1	0	1
HOG00742	1	0	1
HOG00743	1	0	1
HOG00744	1	0	1
HOG00745	1	0	1
HOG00746	1	0	1
HOG00747	1	0	1
HOG00748	1	0	1
HOG00749	1	0	1
HOG00750	1	0	1
HOG00751	1	0	1
HOG00752	1	0	1
HOG00753	1	0	1
HOG00754	1	0	1
HOG00755	1	0	1
HOG00756	1	0	1
HOG00757	1	0	1
HOG00758	1	0	1
HOG00759	1	0	1
HOG00760	1	0	1
HOG00761	1	0	1
HOG00762	1	0	1
HOG00763	1	0	1
HOG00764	1	0	1
HOG00765	1	0	1
HOG00766	1	0	1
HOG00767	1	0	1
HOG00768	1	0	1
HOG00769	1	0	1
HOG00770	1	0	1
HOG00771	1	0	1
HOG00772	1	0	1
HOG00773	1	0	1
HOG00774	1	0	1
HOG00775	1	0	1
HOG00776	1	0	1
HOG00777	1	0	1
HOG00778	1	0	1
HOG00779	1	0	1
HOG00780	1	0	1
HOG00781	1	0	1
HOG00782	1	0	1
HOG00783	1	0	1
HOG00784	1	0	1
HOG00785	1	0	1
HOG00786	1	0	1
HOG00787	1	0	1
HOG00788	1	0	1
HOG00789	1	0	1
HOG00790	1	0	1
HOG00791	1	0	1
HOG00792	1	0	1
HOG00793	1	0	1
HOG00794	1	0	1
HOG00795	1	0	2
HOG00796	2	0	3
HOG00797	1	0	1
HOG00798	1	0	1
HOG00799	1	0	1
HOG00800	1	0	1
HOG00801	1	0	1
HOG00802	1	0	1
HOG00803	1	0	1
HOG00804	1	0	1
HOG00805	1	0	1
HOG00806	1	0	1
HOG00807	1	0	1
HOG00808	1	0	1
HOG00809	1	0	1
HOG00810	1	0	1
HOG00811	1	0	1
HOG00812	1	0	1
HOG00813	1	0	1
HOG00814	1	0	1
HOG00815	1	0	1
HOG00816	1	0	1
HOG00817	1	0	1
HOG00818	1	0	1
HOG00819	1	0	1
HOG00820	1	0	1
HOG00821	1	0	1
HOG00822	1	0	1
HOG00823	1	0	1
HOG00824	1	0	1
HOG00825	1	0	1
HOG00826	1	0	1
HOG00827	1	0	1
HOG00828	1	0	1
HOG00829	3	0	1
HOG00830	1	0	1
HOG00831	1	0	1
HOG00832	1	0	1
HOG00833	1	0	1
HOG00834	1	0	1
HOG00835	1	0	1
HOG00836	1	0	1
HOG00837	1	0	1
HOG00838	1	0	1
HOG00839	1	0	1
HOG00840	1	0	2
HOG00841	1	0	1
HOG00842	1	0	1
HOG00843	1	0	1
HOG00844	1	0	1
HOG00845	1	0	1
HOG00846	1	0	1
HOG00847	1	0	1
HOG00848	1	0	1
HOG00849	1	0	1
HOG00850	1	0	1
HOG00851	1	0	1
HOG00852	1	0	1
HOG00853	1	0	1
HOG00854	1	0	1
HOG00855	1	0	1
HOG00856	1	0	1
HOG00857	1	0	1
HOG00858	1	0	1
HOG00859	1	0	1
HOG00860	1	0	1
HOG00861	1	0	1
HOG00862	1	0	1
HOG00863	1	0	1
HOG00864	1	0	1
HOG00865	1	0	1
HOG00866	1	0	1
HOG00867	1	0	1
HOG00868	1	0	1
HOG00869	1	0	1
HOG00870	1	0	1
HOG00871	1	0	1
HOG00872	1	0	1
HOG00873	1	0	1
HOG00874	1	0	1
HOG00875	1	0	1
HOG00876	1	0	1
HOG00877	1	0	1
HOG00878	1	0	1
HOG00879	1	0	1
HOG00880	1	0	1
HOG00881	1	0	1
HOG00882	1	0	1
HOG00883	1	0	1
HOG00884	1	0	1
HOG00885	1	0	1
HOG00886	1	0	1
HOG00887	1	0	1
HOG00888	1	0	1
HOG00889	1	0	1
HOG00890	1	0	1
HOG00891	1	0	1
HOG00892	1	1	1
HOG00893	1	1	1
HOG00894	1	1	1
HOG00895	1	1	1
HOG00896	0	1	1
HOG00897	1	1	1
HOG00898	1	1	1
HOG00899	1	1	1
HOG00900	1	1	1
HOG00901	1	1	1
HOG00902	1	1	1
HOG00903	1	1	1
HOG00904	1	1	1
HOG00905	1	1	1
HOG00906	1	1	1
HOG00907	1	1	1
HOG00908	1	1	1
HOG00909	1	1	1
HOG00910	1	1	1
HOG00911	1	1	1
HOG00912	1	1	1
HOG00913	1	1	1
HOG00914	1	1	1
HOG00915	1	1	1
HOG00916	1	1	1
HOG00917	1	1	1
HOG00918	1	1	1
HOG00919	1	1	1
HOG00920	1	1	1
HOG00921	1	1	1
HOG00922	1	1	1
HOG00923	1	1	1
HOG00924	1	1	1
HOG00925	1	1	1
HOG00926	1	1	1
HOG00927	1	1	1
HOG00928	0	1	1
HOG00929	1	1	1
HOG00930	1	1	1
HOG00931	1	1	1
HOG00932	1	1	1
HOG00933	1	1	1
HOG00934	1	1	1
HOG00935	1	1	1
HOG00936	1	1	1
HOG00937	1	1	1
HOG00938	1	1	1
HOG00939	1	1	1
HOG00940	1	1	1
HOG00941	1	1	1
HOG00942	1	1	1
HOG00943	1	1	1
HOG00944	1	1	1
HOG00945	1	1	1
HOG00946	1	1	1
HOG00947	1	1	1
HOG00948	1	1	1
HOG00949	1	1	1
HOG00950	1	1	1
HOG00951	1	1	1
HOG00952	1	1	1
HOG00953	1	1	1
HOG00954	1	1	1
HOG00955	1	1	1
HOG00956	1	1	1
HOG00957	0	1	1
HOG00958	1	1	1
HOG00959	1	1	1
HOG00960	1	1	1
HOG00961	1	1	1
HOG00962	1	1	1
HOG00963	1	1	1
HOG00964	1	1	1
HOG00965	1	1	1
HOG00966	1	1	1
HOG00967	1	1	1
HOG00968	1	1	1
HOG00969	1	1	1
HOG00970	1	1	1
HOG00971	1	1	1
HOG00972	1	1	1
HOG00973	1	1	1
HOG00974	1	1	1
HOG00975	1	1	1
HOG00976	1	1	1
HOG00977	1	1	1
HOG00978	1	1	1
HOG00979	1	1	1
HOG00980	1	1	1
HOG00981	1	1	1
HOG00982	1	1	1
HOG00983	1	1	1
HOG00984	1	1	1
HOG00985	1	1	1
HOG00986	1	1	1
HOG00987	1	1	1
HOG00988	1	1	1
HOG00989	1	1	1
HOG00990	1	1	1
HOG00991	1	1	1
HOG00992	1	1	1
HOG00993	1	1	1
HOG00994	1	1	1
HOG00995	1	1	1
HOG00996	1	1	1
HOG00997	1	1	1
HOG00998	1	1	1
HOG00999	1	1	1
HOG01000	1	1	1
HOG01001	1	1	1
HOG01002	1	1	1
HOG01003	1	1	1
HOG01004	1	1	1
HOG01005	1	1	1
HOG01006	1	1	1
HOG01007	1	1	1
HOG01008	0	1	1
HOG01009	1	1	1
HOG01010	1	1	1
HOG01011	2	2	2
HOG01012	1	1	1
HOG01013	1	1	1
HOG01014	1	1	1
HOG01015	1	1	1
HOG01016	1	1	1
HOG01017	1	1	1
HOG01018	1	1	1
HOG01019	1	1	1
HOG01020	1	1	1
HOG01021	1	1	1
HOG01022	1	1	1
HOG01023	1	1	1
HOG01024	1	1	1
HOG01025	1	1	1
HOG01026	1	1	1
HOG01027	1	1	1
HOG01028	1	1	1
HOG01029	1	1	1
HOG01030	1	1	1
HOG01031	1	1	1
HOG01032	1	1	1
HOG01033	1	1	1
HOG01034	1	1	1
HOG01035	1	1	1
HOG01036	1	1	1
HOG01037	1	1	1
HOG01038	1	1	1
HOG01039	1	1	1
HOG01040	1	1	1
HOG01041	1	1	1
HOG01042	1	1	1
HOG01043	1	1	1
HOG01044	1	1	1
HOG01045	1	1	1
HOG01046	1	1	1
HOG01047	1	1	1
HOG01048	1	1	1
HOG01049	1	1	1
HOG01050	1	1	1
HOG01051	1	1	1
HOG01052	1	1	1
HOG01053	1	1	1
HOG01054	0	1	1
HOG01055	1	1	1
HOG01056	1	1	1
HOG01057	1	1	1
HOG01058	1	1	1
HOG01059	1	1	1
HOG01060	1	1	1
HOG01061	1	1	1
HOG01062	1	1	1
HOG01063	1	1	1
HOG01064	1	1	1
HOG01065	1	1	1
HOG01066	1	1	1
HOG01067	1	1	1
HOG01068	1	1	1
HOG01069	1	1	1
HOG01070	1	1	1
HOG01071	1	1	1
HOG01072	1	1	1
HOG01073	1	1	1
HOG01074	1	1	1
HOG01075	1	1	1
HOG01076	1	1	1
HOG01077	1	1	1
HOG01078	1	1	1
HOG01079	1	1	1
HOG01080	1	1	1
HOG01081	1	1	1
HOG01082	0	1	1
HOG01083	0	1	1
HOG01084	1	1	1
HOG01085	0	1	1
HOG01086	1	1	1
HOG01087	1	1	1
HOG01088	1	1	1
HOG01089	1	1	1
HOG01090	1	1	1
HOG01091	1	1	1
HOG01092	1	2	1
HOG01093	1	1	1
HOG01094	1	1	1
HOG01095	1	1	1
HOG01096	1	2	1
HOG01097	1	2	1
HOG01098	1	2	1
HOG01099	1	2	1
HOG01100	1	1	1
HOG01101	1	1	1
HOG01102	0	1	1
HOG01103	0	1	2
HOG01104	1	1	1
HOG01105	1	1	1
HOG01106	1	1	1
HOG01107	1	1	1
HOG01108	1	2	1
HOG01109	1	1	1
HOG01110	1	1	1
HOG01111	1	1	1
HOG01112	1	1	1
HOG01113	1	1	1
HOG01114	1	1	1
HOG01115	1	1	1
HOG01116	1	1	1
HOG01117	1	1	1
HOG01118	2	2	2
HOG01119	1	1	1
HOG01120	1	1	1
HOG01121	1	1	1
HOG01122	1	1	1
HOG01123	1	1	1
HOG01124	1	1	1
HOG01125	1	1	1
HOG01126	1	1	1
HOG01127	1	1	1
HOG01128	1	1	1
HOG01129	0	1	1
HOG01130	1	1	1
HOG01131	1	1	1
HOG01132	1	1	1
HOG01133	1	1	1
HOG01134	1	1	1
HOG01135	1	1	1
HOG01136	1	1	1
HOG01137	1	1	1
HOG01138	1	1	1
HOG01139	1	1	1
HOG01140	1	1	1
HOG01141	1	1	1
HOG01142	1	1	1
HOG01143	1	1	1
HOG01144	1	1	1
HOG01145	1	1	1
HOG01146	1	1	1
HOG01147	1	1	1
HOG01148	1	1	1
HOG01149	1	1	1
HOG01150	1	1	1
HOG01151	1	1	1
HOG01152	1	1	1
HOG01153	1	1	1
HOG01154	1	1	1
HOG01155	1	1	1
HOG01156	1	1	1
HOG01157	1	1	1
HOG01158	1	1	1
HOG01159	0	1	1
HOG01160	1	1	1
HOG01161	1	1	1
HOG01162	1	1	1
HOG01163	1	1	1
HOG01164	1	1	1
HOG01165	1	1	1
HOG01166	1	1	1
HOG01167	1	1	1
HOG01168	1	1	1
HOG01169	1	1	1
HOG01170	1	1	1
HOG01171	1	1	1
HOG01172	1	1	1
HOG01173	1	1	1
HOG01174	1	1	1
HOG01175	1	1	1
HOG01176	1	1	1
HOG01177	1	1	1
HOG01178	1	1	1
HOG01179	1	1	1
HOG01180	1	1	1
HOG01181	1	1	1
HOG01182	1	1	1
HOG01183	1	1	1
HOG01184	1	1	1
HOG01185	1	1	1
HOG01186	1	1	1
HOG01187	1	1	1
HOG01188	1	1	1
HOG01189	1	1	1
HOG01190	1	1	1
HOG01191	1	1	1
HOG01192	1	1	1
HOG01193	1	1	1
HOG01194	1	1	1
HOG01195	1	1	1
HOG01196	1	1	1
HOG01197	1	1	1
HOG01198	1	1	1
HOG01199	1	1	1
HOG01200	1	1	1
HOG01201	1	1	1
HOG01202	1	1	1
HOG01203	1	1	1
HOG01204	1	1	1
HOG01205	1	1	1
HOG01206	1	1	1
HOG01207	1	1	1
HOG01208	1	1	1
HOG01209	1	1	1
HOG01210	1	1	1
HOG01211	1	1	1
HOG01212	1	1	1
HOG01213	1	1	1
HOG01214	1	1	1
HOG01215	1	1	1
HOG01216	1	1	1
HOG01217	1	1	1
HOG01218	1	1	1
HOG01219	1	1	1
HOG01220	1	1	1
HOG01221	1	1	1
HOG01222	1	1	1
HOG01223	1	1	1
HOG01224	0	1	1
HOG01225	1	1	1
HOG01226	1	1	1
HOG01227	1	1	1
HOG01228	1	1	1
HOG01229	1	1	1
HOG01230	1	1	1
HOG01231	1	1	1
HOG01232	1	1	1
HOG01233	1	1	1
HOG01234	1	1	1
HOG01235	1	1	1
HOG01236	1	1	1
HOG01237	1	1	1
HOG01238	1	1	1
HOG01239	1	1	1
HOG01240	1	1	1
HOG01241	0	4	1
HOG01242	1	1	1
HOG01243	0	1	1
HOG01244	1	1	1
HOG01245	1	1	1
HOG01246	1	1	1
HOG01247	1	1	1
HOG01248	1	1	1
HOG01249	1	1	1
HOG01250	1	1	1
HOG01251	1	1	1
HOG01252	1	1	1
HOG01253	1	1	1
HOG01254	1	1	1
HOG01255	1	1	1
HOG01256	1	1	1
HOG01257	1	1	1
HOG01258	1	1	1
HOG01259	1	1	1
HOG01260	1	1	1
HOG01261	1	1	1
HOG01262	1	1	1
HOG01263	1	1	1
HOG01264	1	1	1
HOG01265	1	1	1
HOG01266	1	1	1
HOG01267	1	1	1
HOG01268	1	1	1
HOG01269	1	1	1
HOG01270	1	1	1
HOG01271	1	1	1
HOG01272	1	1	1
HOG01273	1	1	1
HOG01274	1	1	1
HOG01275	1	1	1
HOG01276	1	1	1
HOG01277	0	1	1
HOG01278	1	1	3
HOG01279	0	1	2
HOG01280	1	2	1
HOG01281	1	2	1
HOG01282	1	1	1
HOG01283	1	1	1
HOG01284	1	1	1
HOG01285	1	1	1
HOG01286	1	1	1
HOG01287	1	1	1
HOG01288	1	1	1
HOG01289	1	1	1
HOG01290	1	1	1
HOG01291	1	1	1
HOG01292	1	1	1
HOG01293	1	1	1
HOG01294	1	1	1
HOG01295	1	1	1
HOG01296	1	1	1
HOG01297	1	1	1
HOG01298	1	1	1
HOG01299	1	1	1
HOG01300	1	1	1
HOG01301	1	1	1
HOG01302	1	1	1
HOG01303	1	1	1
HOG01304	1	1	1
HOG01305	1	1	1
HOG01306	1	1	1
HOG01307	1	1	1
HOG01308	1	1	1
HOG01309	1	1	1
HOG01310	1	1	1
HOG01311	1	1	1
HOG01312	1	1	1
HOG01313	1	1	1
HOG01314	1	1	1
HOG01315	1	1	1
HOG01316	1	1	1
HOG01317	1	1	1
HOG01318	1	1	1
HOG01319	1	1	1
HOG01320	1	1	1
HOG01321	1	1	1
HOG01322	1	1	1
HOG01323	1	1	1
HOG01324	1	1	1
HOG01325	1	1	1
HOG01326	1	1	1
HOG01327	1	1	1
HOG01328	1	1	1
HOG01329	1	1	1
HOG01330	1	1	1
HOG01331	1	1	1
HOG01332	1	1	1
HOG01333	1	1	1
HOG01334	1	1	1
HOG01335	1	1	1
HOG01336	1	1	1
HOG01337	1	1	1
HOG01338	1	1	1
HOG01339	1	1	1
HOG01340	1	1	1
HOG01341	1	1	1
HOG01342	1	1	1
HOG01343	1	1	1
HOG01344	1	1	1
HOG01345	1	1	1
HOG01346	1	1	1
HOG01347	1	1	1
HOG01348	1	1	1
HOG01349	1	1	1
HOG01350	1	1	1
HOG01351	2	2	2
HOG01352	1	1	1
HOG01353	1	1	1
HOG01354	1	1	1
HOG01355	1	1	1
HOG01356	1	1	1
HOG01357	1	1	1
HOG01358	1	1	1
HOG01359	1	1	1
HOG01360	1	1	1
HOG01361	1	1	1
HOG01362	1	1	1
HOG01363	1	1	1
HOG01364	1	1	1
HOG01365	1	1	1
HOG01366	1	1	1
HOG01367	1	1	1
HOG01368	1	1	1
HOG01369	1	1	1
HOG01370	1	1	1
HOG01371	1	1	1
HOG01372	1	1	1
HOG01373	1	1	1
HOG01374	1	1	1
HOG01375	1	1	1
HOG01376	1	1	1
HOG01377	1	1	1
HOG01378	1	1	1
HOG01379	1	1	1
HOG01380	1	1	1
HOG01381	1	1	1
HOG01382	1	1	1
HOG01383	1	1	1
HOG01384	1	1	1
HOG01385	1	1	1
HOG01386	0	1	1
HOG01387	1	1	1
HOG01388	1	1	1
HOG01389	1	1	1
HOG01390	1	1	1
HOG01391	1	1	1
HOG01392	1	1	1
HOG01393	1	1	1
HOG01394	1	1	1
HOG01395	1	1	1
HOG01396	0	2	1
HOG01397	3	1	2
HOG01398	1	1	1
HOG01399	1	1	1
HOG01400	1	1	1
HOG01401	1	1	1
HOG01402	1	1	1
HOG01403	1	1	1
HOG01404	1	1	1
HOG01405	1	1	1
HOG01406	1	1	1
HOG01407	3	4	3
HOG01408	1	1	1
HOG01409	1	1	1
HOG01410	1	1	1
HOG01411	1	1	1
HOG01412	1	1	1
HOG01413	1	1	1
HOG01414	1	1	1
HOG01415	1	1	1
HOG01416	1	1	1
HOG01417	1	1	1
HOG01418	1	1	1
HOG01419	1	1	1
HOG01420	1	1	1
HOG01421	1	1	1
HOG01422	1	1	1
HOG01423	1	1	1
HOG01424	1	1	1
HOG01425	1	1	1
HOG01426	1	1	1
HOG01427	1	1	1
HOG01428	1	1	1
HOG01429	1	1	1
HOG01430	1	1	1
HOG01431	1	1	1
HOG01432	1	1	1
HOG01433	1	1	1
HOG01434	1	1	1
HOG01435	0	1	1
HOG01436	1	1	1
HOG01437	1	1	1
HOG01438	1	1	1
HOG01439	1	1	1
HOG01440	1	1	1
HOG01441	1	1	1
HOG01442	1	1	1
HOG01443	1	1	1
HOG01444	1	1	1
HOG01445	1	1	1
HOG01446	1	1	1
HOG01447	1	1	1
HOG01448	1	1	1
HOG01449	1	1	1
HOG01450	1	1	1
HOG01451	1	1	1
HOG01452	1	1	1
HOG01453	1	1	1
HOG01454	1	1	1
HOG01455	1	1	1
HOG01456	1	1	1
HOG01457	1	1	1
HOG01458	1	1	1
HOG01459	1	1	1
HOG01460	1	1	1
HOG01461	1	1	1
HOG01462	1	1	1
HOG01463	1	1	1
HOG01464	1	1	1
HOG01465	1	1	1
HOG01466	1	1	1
HOG01467	1	1	1
HOG01468	1	1	1
HOG01469	1	1	1
HOG01470	1	1	1
HOG01471	1	1	1
HOG01472	1	1	1
HOG01473	1	1	1
HOG01474	1	1	1
HOG01475	1	1	1
HOG01476	1	1	1
HOG01477	1	1	1
HOG01478	1	1	1
HOG01479	1	1	1
HOG01480	0	1	1
HOG01481	1	1	1
HOG01482	1	1	1
HOG01483	1	1	1
HOG01484	1	1	1
HOG01485	1	1	1
HOG01486	1	1	1
HOG01487	1	1	1
HOG01488	1	1	1
HOG01489	1	1	1
HOG01490	1	1	1
HOG01491	1	1	1
HOG01492	1	1	1
HOG01493	1	1	1
HOG01494	1	1	1
HOG01495	1	1	1
HOG01496	1	1	1
HOG01497	1	1	1
HOG01498	1	1	1
HOG01499	1	1	1
HOG01500	1	1	1
HOG01501	1	1	1
HOG01502	1	1	1
HOG01503	1	1	1
HOG01504	1	1	1
HOG01505	1	1	1
HOG01506	1	1	1
HOG01507	1	1	1
HOG01508	1	1	1
HOG01509	1	1	1
HOG01510	1	1	1
HOG01511	1	1	1
HOG01512	1	1	1
HOG01513	1	1	1
HOG01514	1	1	1
HOG01515	1	1	1
HOG01516	1	1	1
HOG01517	1	1	1
HOG01518	1	1	1
HOG01519	1	1	1
HOG01520	1	1	1
HOG01521	1	1	1
HOG01522	1	1	1
HOG01523	1	1	1
HOG01524	1	1	1
HOG01525	1	1	1
HOG01526	1	1	1
HOG01527	1	1	1
HOG01528	1	1	1
HOG01529	1	1	1
HOG01530	1	1	1
HOG01531	1	1	1
HOG01532	1	1	1
HOG01533	1	1	1
HOG01534	1	1	1
HOG01535	1	1	1
HOG01536	1	1	1
HOG01537	1	1	1
HOG01538	1	1	1
HOG01539	1	1	1
HOG01540	1	1	1
HOG01541	1	1	1
HOG01542	1	1	1
HOG01543	1	1	1
HOG01544	1	1	1
HOG01545	1	1	1
HOG01546	2	1	2
HOG01547	1	1	1
HOG01548	2	1	2
HOG01549	1	1	1
HOG01550	1	1	1
HOG01551	1	1	1
HOG01552	1	1	1
HOG01553	1	1	1
HOG01554	1	1	1
HOG01555	1	1	1
HOG01556	1	1	1
HOG01557	1	1	1
HOG01558	1	1	1
HOG01559	1	1	1
HOG01560	1	1	1
HOG01561	1	1	1
HOG01562	1	1	1
HOG01563	1	1	1
HOG01564	1	1	1
HOG01565	1	1	1
HOG01566	1	1	1
HOG01567	1	1	1
HOG01568	1	1	1
HOG01569	1	1	1
HOG01570	1	1	1
HOG01571	1	1	1
HOG01572	1	1	1
HOG01573	1	1	1
HOG01574	1	1	1
HOG01575	1	1	1
HOG01576	1	1	1
HOG01577	1	1	1
HOG01578	1	1	1
HOG01579	1	1	1
HOG01580	1	1	1
HOG01581	1	1	1
HOG01582	1	1	1
HOG01583	1	2	1
HOG01584	1	2	1
HOG01585	2	2	2
HOG01586	1	1	1
HOG01587	2	2	2
HOG01588	1	1	1
HOG01589	1	1	1
HOG01590	1	1	1
HOG01591	1	1	1
HOG01592	1	1	1
HOG01593	1	1	1
HOG01594	1	1	1
HOG01595	1	1	1
HOG01596	1	1	1
HOG01597	1	1	1
HOG01598	1	1	1
HOG01599	1	1	1
HOG01600	1	1	1
HOG01601	1	1	1
HOG01602	1	1	1
HOG01603	1	1	1
HOG01604	1	1	1
HOG01605	1	1	1
HOG01606	1	1	1
HOG01607	1	1	1
HOG01608	1	1	1
HOG01609	1	1	1
HOG01610	1	1	1
HOG01611	1	1	1
HOG01612	1	1	1
HOG01613	1	1	1
HOG01614	1	1	1
HOG01615	1	1	1
HOG01616	1	1	1
HOG01617	1	1	1
HOG01618	1	1	1
HOG01619	1	1	1
HOG01620	1	1	1
HOG01621	1	1	1
HOG01622	1	2	1
HOG01623	1	2	1
HOG01624	1	2	1
HOG01625	1	1	1
HOG01626	1	1	1
HOG01627	1	1	1
HOG01628	1	1	1
HOG01629	1	1	1
HOG01630	1	1	1
HOG01631	1	1	1
HOG01632	1	1	1
HOG01633	1	1	1
HOG01634	1	1	1
HOG01635	1	1	1
HOG01636	3	2	3
HOG01637	1	1	1
HOG01638	1	1	1
HOG01639	1	1	1
HOG01640	1	1	1
HOG01641	1	1	1
HOG01642	1	1	1
HOG01643	1	1	1
HOG01644	1	1	1
HOG01645	1	1	1
HOG01646	1	1	1
HOG01647	1	1	1
HOG01648	1	1	1
HOG01649	1	1	1
HOG01650	1	1	1
HOG01651	1	1	1
HOG01652	1	1	1
HOG01653	1	1	1
HOG01654	1	1	1
HOG01655	1	1	1
HOG01656	1	1	1
HOG01657	1	1	1
HOG01658	1	1	1
HOG01659	1	1	1
HOG01660	1	1	1
HOG01661	1	1	1
HOG01662	1	1	1
HOG01663	1	1	1
HOG01664	1	1	1
HOG01665	1	1	1
HOG01666	1	1	1
HOG01667	1	1	1
HOG01668	1	1	1
HOG01669	1	1	1
HOG01670	1	1	1
HOG01671	1	1	1
HOG01672	1	1	1
HOG01673	1	1	1
HOG01674	1	1	1
HOG01675	1	1	1
HOG01676	1	1	1
HOG01677	1	1	1
HOG01678	1	1	1
HOG01679	1	1	1
HOG01680	1	1	1
HOG01681	1	1	1
HOG01682	1	1	1
HOG01683	1	1	1
HOG01684	1	1	1
HOG01685	1	1	1
HOG01686	1	1	1
HOG01687	1	1	1
HOG01688	1	1	1
HOG01689	1	1	1
HOG01690	1	1	1
HOG01691	1	1	1
HOG01692	1	1	1
HOG01693	1	1	1
HOG01694	1	1	1
HOG01695	1	1	1
HOG01696	1	1	1
HOG01697	1	1	1
HOG01698	1	1	1
HOG01699	1	1	1
HOG01700	1	1	1
HOG01701	1	1	1
HOG01702	1	1	1
HOG01703	1	1	1
HOG01704	1	1	1
HOG01705	1	1	1
HOG01706	1	1	1
HOG01707	1	1	1
HOG01708	1	1	1
HOG01709	1	1	1
HOG01710	1	1	1
HOG01711	1	1	1
HOG01712	1	1	1
HOG01713	1	1	1
HOG01714	1	1	1
HOG01715	1	1	1
HOG01716	1	1	1
HOG01717	1	1	1
HOG01718	1	1	1
HOG01719	1	1	1
HOG01720	1	1	1
HOG01721	1	1	1
HOG01722	1	1	1
HOG01723	1	1	1
HOG01724	1	1	1
HOG01725	1	1	1
HOG01726	1	1	1
HOG01727	1	1	1
HOG01728	1	1	1
HOG01729	1	1	1
HOG01730	1	1	1
HOG01731	1	1	1
HOG01732	1	1	1
HOG01733	1	1	1
HOG01734	1	1	1
HOG01735	1	1	1
HOG01736	1	1	1
HOG01737	1	1	1
HOG01738	1	1	1
HOG01739	1	1	1
HOG01740	0	1	1
HOG01741	0	1	1
HOG01742	1	1	1
HOG01743	1	1	1
HOG01744	1	1	1
HOG01745	1	1	1
HOG01746	1	1	1
HOG01747	0	1	1
HOG01748	0	1	1
HOG01749	1	1	1
HOG01750	0	1	1
HOG01751	1	1	1
HOG01752	1	1	1
HOG01753	1	1	1
HOG01754	1	1	1
HOG01755	1	1	1
HOG01756	1	1	1
HOG01757	1	1	1
HOG01758	1	1	1
HOG01759	1	1	1
HOG01760	1	1	1
HOG01761	1	1	1
HOG01762	1	1	1
HOG01763	1	1	1
HOG01764	1	1	1
HOG01765	1	1	1
HOG01766	1	1	1
HOG01767	1	1	1
HOG01768	1	1	1
HOG01769	1	1	1
HOG01770	1	1	1
HOG01771	1	1	1
HOG01772	1	1	1
HOG01773	1	1	1
HOG01774	1	1	1
HOG01775	1	1	1
HOG01776	1	1	1
HOG01777	1	1	1
HOG01778	1	1	1
HOG01779	1	1	1
HOG01780	1	1	1
HOG01781	1	1	1
HOG01782	1	1	1
HOG01783	1	1	1
HOG01784	1	1	1
HOG01785	1	1	1
HOG01786	1	1	1
HOG01787	1	1	1
HOG01788	1	1	1
HOG01789	1	1	1
HOG01790	1	1	1
HOG01791	1	1	1
HOG01792	1	1	1
HOG01793	1	1	1
HOG01794	1	1	1
HOG01795	1	1	1
HOG01796	1	1	1
HOG01797	1	1	1
HOG01798	1	1	1
HOG01799	1	1	1
HOG01800	1	1	1
HOG01801	1	1	1
HOG01802	1	1	1
HOG01803	1	1	1
HOG01804	1	1	1
HOG01805	1	1	1
HOG01806	1	1	1
HOG01807	1	1	1
HOG01808	1	1	1
HOG01809	1	1	1
HOG01810	1	1	1
HOG01811	1	1	1
HOG01812	1	1	1
HOG01813	1	1	1
HOG01814	1	1	1
HOG01815	1	1	1
HOG01816	1	1	1
HOG01817	1	1	1
HOG01818	1	1	1
HOG01819	1	1	1
HOG01820	1	1	1
HOG01821	1	1	1
HOG01822	1	1	1
HOG01823	1	1	1
HOG01824	1	1	1
HOG01825	1	1	1
HOG01826	1	1	1
HOG01827	1	1	1
HOG01828	1	1	1
HOG01829	1	1	1
HOG01830	1	1	1
HOG01831	1	1	1
HOG01832	1	1	1
HOG01833	1	1	1
HOG01834	1	1	1
HOG01835	1	1	1
HOG01836	1	1	1
HOG01837	1	1	1
HOG01838	1	1	1
HOG01839	1	1	1
HOG01840	0	1	1
HOG01841	1	1	1
HOG01842	1	1	1
HOG01843	1	1	1
HOG01844	1	1	1
HOG01845	1	1	1
HOG01846	1	1	1
HOG01847	1	1	1
HOG01848	1	1	1
HOG01849	1	1	1
HOG01850	1	1	1
HOG01851	1	1	1
HOG01852	1	1	1
HOG01853	1	1	1
HOG01854	1	1	1
HOG01855	1	1	1
HOG01856	1	1	1
HOG01857	1	1	1
HOG01858	1	1	1
HOG01859	1	1	1
HOG01860	1	1	1
HOG01861	1	1	1
HOG01862	1	1	1
HOG01863	1	1	1
HOG01864	1	1	1
HOG01865	1	1	1
HOG01866	1	1	1
HOG01867	1	1	1
HOG01868	1	1	1
HOG01869	1	1	1
HOG01870	1	1	2
HOG01871	1	1	1
HOG01872	1	1	1
HOG01873	1	1	3
HOG01874	1	2	3
HOG01875	1	1	1
HOG01876	1	1	1
HOG01877	1	1	1
HOG01878	1	1	1
HOG01879	1	1	1
HOG01880	1	1	1
HOG01881	1	1	1
HOG01882	1	1	1
HOG01883	1	1	1
HOG01884	1	1	1
HOG01885	1	1	1
HOG01886	1	1	1
HOG01887	1	1	1
HOG01888	1	1	1
HOG01889	1	1	1
HOG01890	1	1	1
HOG01891	1	1	1
HOG01892	1	1	1
HOG01893	1	1	1
HOG01894	1	1	1
HOG01895	1	1	1
HOG01896	1	1	1
HOG01897	1	1	1
HOG01898	1	1	1
HOG01899	1	1	1
HOG01900	1	1	1
HOG01901	1	1	1
HOG01902	1	1	1
HOG01903	1	1	1
HOG01904	1	1	1
HOG01905	1	1	1
HOG01906	1	1	1
HOG01907	1	1	1
HOG01908	1	1	1
HOG01909	1	1	1
HOG01910	1	1	1
HOG01911	1	1	1
HOG01912	1	1	1
HOG01913	1	1	1
HOG01914	1	1	1
HOG01915	1	1	1
HOG01916	1	1	1
HOG01917	1	1	1
HOG01918	1	1	1
HOG01919	0	1	1
HOG01920	1	1	1
HOG01921	1	1	1
HOG01922	1	1	1
HOG01923	1	1	1
HOG01924	1	1	1
HOG01925	1	1	1
HOG01926	1	1	1
HOG01927	1	1	1
HOG01928	1	1	1
HOG01929	1	1	1
HOG01930	1	1	1
HOG01931	3	2	3
HOG01932	1	1	1
HOG01933	1	1	1
HOG01934	1	1	1
HOG01935	1	1	1
HOG01936	1	1	1
HOG01937	1	1	1
HOG01938	1	1	1
HOG01939	1	1	1
HOG01940	1	1	1
HOG01941	1	1	1
HOG01942	1	1	1
HOG01943	1	1	1
HOG01944	1	1	1
HOG01945	1	1	1
HOG01946	1	1	1
HOG01947	1	1	1
HOG01948	1	1	1
HOG01949	1	1	1
HOG01950	1	1	1
HOG01951	1	1	1
HOG01952	1	1	1
HOG01953	1	1	1
HOG01954	1	1	1
HOG01955	1	1	1
HOG01956	1	1	1
HOG01957	1	1	1
HOG01958	1	1	1
HOG01959	1	1	1
HOG01960	1	1	1
HOG01961	1	1	1
HOG01962	0	1	2
HOG01963	0	1	1
HOG01964	1	1	1
HOG01965	1	1	1
HOG01966	1	1	1
HOG01967	1	1	1
HOG01968	1	1	1
HOG01969	1	1	1
HOG01970	1	1	1
HOG01971	1	1	1
HOG01972	1	1	1
HOG01973	1	1	1
HOG01974	1	1	1
HOG01975	1	1	1
HOG01976	1	1	1
HOG01977	1	1	1
HOG01978	1	1	1
HOG01979	1	1	1
HOG01980	1	1	1
HOG01981	1	1	1
HOG01982	1	1	1
HOG01983	1	1	1
HOG01984	1	1	1
HOG01985	1	1	1
HOG01986	1	1	1
HOG01987	1	1	1
HOG01988	1	1	1
HOG01989	1	1	1
HOG01990	1	1	1
HOG01991	1	1	1
HOG01992	1	1	1
HOG01993	1	1	1
HOG01994	1	1	1
HOG01995	1	1	1
HOG01996	1	1	1
HOG01997	1	1	1
HOG01998	1	1	1
HOG01999	1	1	1
HOG02000	1	1	1
HOG02001	1	1	1
HOG02002	1	1	1
HOG02003	1	1	1
HOG02004	1	1	1
HOG02005	1	1	1
HOG02006	1	1	1
HOG02007	1	1	1
HOG02008	1	1	1
HOG02009	1	1	1
HOG02010	1	1	1
HOG02011	1	1	1
HOG02012	1	1	1
HOG02013	1	1	1
HOG02014	1	1	1
HOG02015	1	1	1
HOG02016	1	1	1
HOG02017	1	1	1
HOG02018	1	1	1
HOG02019	1	1	1
HOG02020	1	1	1
HOG02021	1	1	1
HOG02022	1	1	1
HOG02023	1	1	1
HOG02024	1	1	1
HOG02025	1	1	1
HOG02026	1	1	1
HOG02027	1	1	1
HOG02028	1	1	1
HOG02029	1	1	1
HOG02030	1	1	1
HOG02031	1	1	1
HOG02032	1	1	1
HOG02033	1	1	1
HOG02034	1	1	1
HOG02035	1	1	1
HOG02036	1	1	1
HOG02037	1	1	1
HOG02038	1	1	1
HOG02039	1	1	1
HOG02040	1	1	1
HOG02041	1	1	1
HOG02042	1	1	1
HOG02043	3	1	2
HOG02044	1	1	1
HOG02045	1	1	1
HOG02046	1	1	1
HOG02047	1	1	1
HOG02048	1	1	1
HOG02049	1	1	1
HOG02050	1	1	1
HOG02051	1	1	1
HOG02052	1	1	1
HOG02053	1	1	1
HOG02054	1	1	1
HOG02055	1	1	1
HOG02056	1	1	1
HOG02057	1	1	1
HOG02058	1	1	1
HOG02059	1	1	1
HOG02060	1	1	1
HOG02061	1	1	1
HOG02062	1	1	1
HOG02063	1	1	1
HOG02064	1	1	1
HOG02065	1	1	1
HOG02066	1	1	1
HOG02067	1	1	1
HOG02068	1	1	1
HOG02069	1	1	1
HOG02070	1	1	1
HOG02071	1	1	1
HOG02072	1	1	1
HOG02073	1	1	1
HOG02074	1	1	1
HOG02075	1	1	1
HOG02076	1	1	1
HOG02077	1	1	1
HOG02078	1	1	1
HOG02079	1	1	1
HOG02080	1	1	1
HOG02081	1	1	1
HOG02082	1	1	1
HOG02083	1	1	1
HOG02084	1	1	1
HOG02085	1	1	1
HOG02086	1	1	1
HOG02087	1	1	1
HOG02088	1	1	1
HOG02089	1	1	1
HOG02090	1	1	1
HOG02091	1	1	1
HOG02092	1	1	1
HOG02093	1	1	1
HOG02094	1	1	1
HOG02095	0	1	1
HOG02096	1	1	1
HOG02097	1	1	1
HOG02098	1	1	1
HOG02099	1	1	1
HOG02100	1	1	1
HOG02101	1	1	1
HOG02102	1	1	1
HOG02103	1	1	1
HOG02104	1	1	1
HOG02105	1	1	1
HOG02106	1	1	1
HOG02107	1	1	1
HOG02108	1	1	1
HOG02109	1	1	1
HOG02110	1	1	1
HOG02111	1	1	1
HOG02112	1	1	1
HOG02113	1	1	1
HOG02114	1	1	1
HOG02115	1	1	1
HOG02116	1	1	1
HOG02117	1	1	1
HOG02118	1	1	1
HOG02119	1	1	1
HOG02120	1	1	1
HOG02121	1	1	1
HOG02122	1	1	1
HOG02123	1	1	1
HOG02124	1	1	1
HOG02125	1	1	1
HOG02126	1	1	1
HOG02127	1	1	1
HOG02128	1	1	1
HOG02129	1	1	1
HOG02130	1	1	1
HOG02131	1	1	1
HOG02132	1	1	1
HOG02133	1	1	1
HOG02134	1	1	1
HOG02135	1	1	1
HOG02136	1	1	1
HOG02137	1	1	1
HOG02138	1	1	1
HOG02139	1	1	1
HOG02140	1	2	1
HOG02141	1	1	1
HOG02142	1	1	1
HOG02143	1	1	1
HOG02144	1	1	1
HOG02145	1	1	1
HOG02146	1	1	1
HOG02147	1	1	1
HOG02148	1	1	1
HOG02149	1	1	1
HOG02150	1	1	1
HOG02151	1	1	1
HOG02152	1	1	1
HOG02153	1	1	1
HOG02154	1	1	1
HOG02155	1	1	1
HOG02156	1	1	1
HOG02157	1	1	1
HOG02158	1	1	1
HOG02159	1	1	1
HOG02160	1	1	1
HOG02161	1	1	1
HOG02162	1	1	1
HOG02163	1	1	1
HOG02164	1	1	1
HOG02165	1	1	1
HOG02166	1	1	1
HOG02167	1	1	1
HOG02168	1	1	1
HOG02169	1	1	1
HOG02170	1	1	1
HOG02171	1	1	1
HOG02172	1	1	1
HOG02173	1	1	1
HOG02174	1	1	1
HOG02175	1	1	1
HOG02176	1	1	1
HOG02177	1	1	1
HOG02178	1	1	1
HOG02179	1	1	1
HOG02180	1	1	1
HOG02181	1	1	1
HOG02182	1	1	1
HOG02183	1	1	1
HOG02184	1	1	1
HOG02185	1	1	1
HOG02186	1	1	1
HOG02187	1	1	1
HOG02188	1	1	1
HOG02189	1	1	1
HOG02190	1	1	1
HOG02191	1	1	1
HOG02192	1	1	1
HOG02193	1	1	1
HOG02194	1	1	1
HOG02195	1	1	1
HOG02196	1	1	1
HOG02197	1	1	1
HOG02198	1	1	1
HOG02199	1	1	1
HOG02200	1	1	1
HOG02201	1	1	1
HOG02202	1	1	1
HOG02203	1	1	1
HOG02204	1	1	1
HOG02205	1	1	1
HOG02206	1	1	1
HOG02207	1	1	1
HOG02208	1	1	1
HOG02209	1	1	1
HOG02210	1	1	1
HOG02211	1	1	1
HOG02212	1	1	1
HOG02213	1	1	1
HOG02214	1	1	1
HOG02215	1	1	1
HOG02216	1	1	1
HOG02217	1	1	1
HOG02218	1	1	1
HOG02219	1	1	1
HOG02220	1	1	1
HOG02221	1	1	1
HOG02222	1	1	1
HOG02223	1	1	1
HOG02224	1	1	1
HOG02225	1	1	1
HOG02226	1	1	1
HOG02227	1	1	1
HOG02228	1	1	1
HOG02229	1	1	1
HOG02230	1	1	1
HOG02231	1	1	1
HOG02232	1	1	1
HOG02233	1	1	1
HOG02234	1	1	1
HOG02235	1	1	1
HOG02236	1	1	1
HOG02237	1	1	1
HOG02238	1	1	1
HOG02239	1	1	1
HOG02240	1	1	1
HOG02241	1	1	1
HOG02242	1	1	1
HOG02243	1	1	1
HOG02244	1	1	1
HOG02245	2	1	2
HOG02246	1	1	1
HOG02247	1	1	1
HOG02248	1	1	1
HOG02249	1	1	1
HOG02250	1	1	1
HOG02251	1	1	1
HOG02252	1	1	1
HOG02253	1	1	1
HOG02254	1	1	1
HOG02255	1	1	1
HOG02256	1	1	1
HOG02257	1	1	1
HOG02258	1	1	1
HOG02259	1	1	1
HOG02260	1	1	1
HOG02261	1	1	1
HOG02262	1	1	1
HOG02263	1	1	1
HOG02264	1	1	1
HOG02265	1	1	1
HOG02266	1	1	1
HOG02267	1	1	1
HOG02268	1	1	1
HOG02269	1	1	1
HOG02270	1	1	1
HOG02271	1	1	1
HOG02272	1	1	1
HOG02273	1	1	1
HOG02274	1	1	1
HOG02275	1	1	1
HOG02276	1	1	1
HOG02277	1	1	1
HOG02278	1	1	1
HOG02279	1	1	1
HOG02280	1	1	1
HOG02281	1	1	1
HOG02282	1	1	1
HOG02283	1	1	1
HOG02284	1	1	1
HOG02285	1	1	1
HOG02286	1	1	1
HOG02287	1	1	1
HOG02288	1	1	1
HOG02289	1	1	1
HOG02290	1	1	1
HOG02291	1	1	1
HOG02292	1	1	1
HOG02293	1	1	1
HOG02294	1	1	1
HOG02295	1	1	1
HOG02296	1	1	1
HOG02297	1	1	1
HOG02298	1	1	1
HOG02299	1	1	1
HOG02300	1	1	1
HOG02301	1	1	1
HOG02302	1	1	1
HOG02303	1	1	1
HOG02304	1	1	1
HOG02305	1	1	1
HOG02306	1	1	1
HOG02307	1	1	1
HOG02308	1	1	1
HOG02309	1	1	1
HOG02310	1	1	1
HOG02311	1	1	1
HOG02312	1	1	1
HOG02313	1	1	1
HOG02314	1	1	1
HOG02315	0	1	1
HOG02316	1	1	1
HOG02317	1	1	1
HOG02318	1	1	1
HOG02319	1	1	1
HOG02320	1	1	1
HOG02321	1	1	1
HOG02322	1	1	1
HOG02323	1	1	1
HOG02324	1	1	1
HOG02325	1	1	1
HOG02326	1	1	1
HOG02327	1	1	1
HOG02328	1	1	1
HOG02329	1	1	1
HOG02330	1	1	1
HOG02331	1	1	1
HOG02332	1	1	1
HOG02333	1	1	1
HOG02334	1	1	1
HOG02335	1	1	1
HOG02336	1	1	1
HOG02337	1	1	1
HOG02338	1	1	1
HOG02339	1	1	1
HOG02340	1	1	1
HOG02341	1	1	1
HOG02342	1	1	1
HOG02343	1	1	1
HOG02344	1	1	1
HOG02345	1	1	1
HOG02346	1	1	1
HOG02347	1	1	1
HOG02348	1	1	1
HOG02349	1	1	1
HOG02350	1	1	1
HOG02351	1	1	1
HOG02352	1	1	1
HOG02353	1	1	1
HOG02354	1	1	1
HOG02355	0	1	1
HOG02356	1	1	1
HOG02357	1	1	1
HOG02358	1	1	1
HOG02359	1	1	1
HOG02360	1	1	1
HOG02361	1	2	1
HOG02362	1	1	1
HOG02363	1	1	1
HOG02364	1	1	1
HOG02365	1	1	1
HOG02366	1	1	1
HOG02367	1	1	1
HOG02368	1	1	1
HOG02369	1	1	1
HOG02370	1	1	1
HOG02371	1	1	1
HOG02372	1	1	1
HOG02373	1	1	1
HOG02374	1	1	1
HOG02375	1	1	1
HOG02376	1	1	1
HOG02377	1	1	1
HOG02378	1	1	1
HOG02379	1	1	1
HOG02380	1	1	1
HOG02381	1	1	1
HOG02382	1	1	1
HOG02383	1	1	1
HOG02384	1	1	1
HOG02385	1	1	1
HOG02386	1	1	1
HOG02387	1	1	1
HOG02388	1	1	1
HOG02389	1	1	1
HOG02390	1	1	1
HOG02391	1	1	1
HOG02392	1	1	1
HOG02393	1	1	1
HOG02394	1	1	1
HOG02395	1	1	1
HOG02396	1	1	1
HOG02397	1	1	1
HOG02398	1	1	1
HOG02399	1	1	1
HOG02400	1	1	1
HOG02401	1	1	1
HOG02402	1	1	1
HOG02403	1	1	1
HOG02404	1	1	1
HOG02405	1	1	1
HOG02406	1	1	1
HOG02407	1	1	1
HOG02408	1	1	1
HOG02409	1	1	1
HOG02410	1	1	1
HOG02411	1	1	1
HOG02412	1	1	1
HOG02413	1	1	1
HOG02414	1	1	1
HOG02415	1	1	1
HOG02416	1	1	1
HOG02417	1	1	1
HOG02418	1	1	1
HOG02419	1	1	1
HOG02420	1	1	1
HOG02421	1	1	1
HOG02422	1	1	1
HOG02423	1	1	1
HOG02424	1	1	1
HOG02425	1	1	1
HOG02426	1	1	1
HOG02427	1	1	1
HOG02428	1	1	1
HOG02429	1	1	1
HOG02430	1	1	1
HOG02431	1	1	1
HOG02432	1	1	1
HOG02433	1	1	1
HOG02434	1	1	1
HOG02435	1	1	1
HOG02436	2	1	2
HOG02437	1	1	1
HOG02438	1	1	1
HOG02439	1	1	1
HOG02440	1	1	1
HOG02441	1	1	1
HOG02442	1	1	1
HOG02443	2	1	2
HOG02444	1	1	1
HOG02445	1	1	1
HOG02446	1	1	1
HOG02447	1	1	1
HOG02448	1	1	1
HOG02449	1	1	1
HOG02450	1	1	1
HOG02451	1	1	1
HOG02452	1	1	1
HOG02453	1	1	1
HOG02454	1	1	1
HOG02455	1	1	1
HOG02456	1	1	1
HOG02457	1	1	1
HOG02458	1	1	1
HOG02459	1	1	1
HOG02460	1	1	1
HOG02461	1	1	1
HOG02462	1	1	1
HOG02463	1	1	1
HOG02464	1	1	1
HOG02465	1	1	1
HOG02466	1	1	1
HOG02467	1	1	1
HOG02468	1	1	1
HOG02469	1	1	1
HOG02470	3	2	2
HOG02471	1	1	1
HOG02472	1	1	1
HOG02473	1	1	1
HOG02474	1	1	1
HOG02475	1	1	1
HOG02476	1	1	1
HOG02477	1	1	1
HOG02478	1	1	1
HOG02479	1	1	1
HOG02480	1	1	1
HOG02481	1	1	1
HOG02482	1	1	1
HOG02483	1	1	1
HOG02484	1	1	1
HOG02485	1	1	1
HOG02486	1	1	1
HOG02487	1	1	1
HOG02488	1	1	1
HOG02489	1	1	1
HOG02490	1	1	1
HOG02491	1	1	1
HOG02492	1	1	1
HOG02493	1	1	1
HOG02494	1	1	1
HOG02495	1	1	1
HOG02496	1	1	1
HOG02497	1	1	1
HOG02498	1	1	1
HOG02499	1	1	1
HOG02500	1	1	1
HOG02501	1	1	1
HOG02502	1	1	1
HOG02503	1	1	1
HOG02504	1	1	1
HOG02505	1	1	1
HOG02506	1	1	1
HOG02507	1	1	1
HOG02508	1	1	1
HOG02509	1	1	1
HOG02510	1	1	1
HOG02511	1	1	1
HOG02512	1	1	1
HOG02513	1	1	1
HOG02514	1	1	1
HOG02515	1	1	1
HOG02516	1	1	1
HOG02517	1	1	1
HOG02518	1	1	1
HOG02519	1	1	1
HOG02520	1	1	1
HOG02521	1	1	1
HOG02522	1	1	1
HOG02523	1	1	1
HOG02524	1	1	1
HOG02525	1	1	1
HOG02526	1	1	1
HOG02527	1	1	1
HOG02528	1	1	1
HOG02529	1	1	1
HOG02530	1	1	1
HOG02531	1	1	1
HOG02532	1	1	1
HOG02533	1	1	1
HOG02534	1	1	1
HOG02535	1	1	1
HOG02536	1	1	1
HOG02537	1	1	1
HOG02538	1	1	1
HOG02539	1	1	1
HOG02540	1	1	1
HOG02541	1	1	1
HOG02542	1	1	1
HOG02543	1	1	1
HOG02544	1	1	1
HOG02545	1	1	1
HOG02546	1	1	1
HOG02547	1	1	1
HOG02548	1	1	1
HOG02549	1	1	1
HOG02550	1	1	1
HOG02551	1	1	1
HOG02552	1	1	1
HOG02553	2	1	1
HOG02554	4	2	2
HOG02555	1	1	1
HOG02556	2	1	1
HOG02557	1	1	1
HOG02558	1	1	1
HOG02559	1	1	1
HOG02560	1	1	1
HOG02561	1	1	1
HOG02562	1	1	1
HOG02563	1	1	1
HOG02564	1	1	1
HOG02565	1	1	1
HOG02566	0	1	1
HOG02567	1	1	1
HOG02568	1	1	1
HOG02569	1	1	1
HOG02570	1	1	1
HOG02571	1	1	1
HOG02572	1	1	1
HOG02573	1	1	1
HOG02574	0	1	1
HOG02575	1	1	1
HOG02576	1	1	1
HOG02577	1	1	1
HOG02578	1	1	1
HOG02579	1	1	1
HOG02580	1	1	1
HOG02581	1	1	1
HOG02582	1	1	1
HOG02583	1	1	1
HOG02584	1	1	1
HOG02585	1	1	1
HOG02586	1	1	1
HOG02587	1	1	1
HOG02588	1	1	1
HOG02589	1	1	1
HOG02590	1	1	1
HOG02591	1	1	1
HOG02592	1	1	1
HOG02593	1	1	1
HOG02594	1	1	1
HOG02595	1	1	1
HOG02596	1	1	1
HOG02597	1	1	1
HOG02598	1	1	1
HOG02599	1	1	1
HOG02600	1	1	1
HOG02601	1	1	1
HOG02602	1	1	1
HOG02603	1	1	1
HOG02604	1	1	1
HOG02605	1	1	1
HOG02606	1	1	1
HOG02607	1	1	1
HOG02608	1	1	1
HOG02609	1	1	1
HOG02610	1	1	1
HOG02611	1	1	1
HOG02612	1	1	1
HOG02613	1	1	1
HOG02614	1	1	1
HOG02615	1	1	1
HOG02616	1	1	1
HOG02617	1	1	1
HOG02618	1	1	1
HOG02619	1	1	1
HOG02620	1	1	1
HOG02621	1	1	1
HOG02622	1	1	1
HOG02623	1	1	1
HOG02624	1	1	1
HOG02625	1	1	1
HOG02626	1	1	1
HOG02627	1	1	1
HOG02628	1	1	1
HOG02629	1	1	1
HOG02630	1	1	1
HOG02631	1	1	1
HOG02632	1	1	1
HOG02633	1	1	1
HOG02634	1	1	1
HOG02635	1	1	1
HOG02636	1	1	1
HOG02637	1	1	1
HOG02638	1	1	1
HOG02639	1	1	1
HOG02640	1	1	1
HOG02641	1	1	1
HOG02642	1	1	1
HOG02643	1	1	1
HOG02644	1	1	1
HOG02645	1	1	1
HOG02646	1	1	1
HOG02647	1	1	1
HOG02648	1	1	1
HOG02649	1	1	1
HOG02650	1	1	1
HOG02651	1	1	1
HOG02652	1	1	1
HOG02653	1	1	1
HOG02654	1	1	1
HOG02655	1	1	1
HOG02656	1	1	1
HOG02657	1	1	1
HOG02658	1	1	1
HOG02659	1	1	1
HOG02660	1	1	1
HOG02661	1	1	1
HOG02662	1	1	1
HOG02663	1	1	1
HOG02664	1	1	1
HOG02665	1	1	1
HOG02666	1	1	1
HOG02667	1	1	1
HOG02668	1	1	1
HOG02669	1	1	1
HOG02670	1	1	1
HOG02671	1	1	1
HOG02672	1	1	1
HOG02673	1	1	1
HOG02674	1	1	1
HOG02675	1	1	1
HOG02676	1	1	1
HOG02677	1	1	1
HOG02678	1	1	1
HOG02679	1	1	1
HOG02680	1	1	1
HOG02681	1	1	1
HOG02682	1	1	1
HOG02683	1	1	1
HOG02684	1	1	1
HOG02685	1	1	1
HOG02686	1	1	1
HOG02687	1	1	1
HOG02688	1	1	1
HOG02689	1	1	1
HOG02690	1	1	1
HOG02691	1	1	1
HOG02692	1	1	1
HOG02693	1	1	1
HOG02694	1	1	1
HOG02695	1	1	1
HOG02696	1	1	1
HOG02697	1	1	1
HOG02698	1	1	1
HOG02699	1	1	1
HOG02700	1	1	1
HOG02701	1	1	1
HOG02702	1	1	1
HOG02703	1	1	1
HOG02704	1	1	1
HOG02705	1	1	1
HOG02706	1	1	1
HOG02707	1	1	1
HOG02708	1	1	1
HOG02709	1	1	1
HOG02710	1	1	1
HOG02711	1	1	1
HOG02712	1	1	1
HOG02713	1	1	1
HOG02714	1	1	1
HOG02715	1	1	1
HOG02716	1	1	1
HOG02717	1	1	1
HOG02718	1	1	1
HOG02719	1	1	1
HOG02720	1	1	1
HOG02721	1	1	1
HOG02722	1	1	1
HOG02723	1	1	1
HOG02724	1	1	1
HOG02725	1	1	1
HOG02726	1	1	1
HOG02727	1	1	1
HOG02728	1	1	1
HOG02729	1	1	1
HOG02730	1	1	1
HOG02731	1	1	1
HOG02732	1	1	1
HOG02733	1	1	1
HOG02734	1	1	1
HOG02735	1	1	1
HOG02736	1	1	1
HOG02737	1	1	1
HOG02738	1	1	1
HOG02739	1	1	1
HOG02740	1	1	1
HOG02741	1	1	1
HOG02742	1	1	1
HOG02743	1	1	1
HOG02744	1	1	1
HOG02745	1	1	1
HOG02746	1	1	1
HOG02747	1	1	1
HOG02748	1	1	1
HOG02749	1	1	1
HOG02750	1	1	1
HOG02751	1	1	1
HOG02752	1	1	1
HOG02753	1	1	1
HOG02754	1	1	1
HOG02755	1	1	1
HOG02756	1	1	1
HOG02757	1	1	1
HOG02758	1	1	1
HOG02759	1	1	1
HOG02760	1	1	1
HOG02761	1	1	1
HOG02762	1	1	1
HOG02763	1	1	1
HOG02764	1	1	1
HOG02765	1	1	1
HOG02766	1	1	1
HOG02767	1	1	1
HOG02768	1	1	1
HOG02769	1	1	1
HOG02770	1	1	1
HOG02771	1	1	1
HOG02772	1	1	1
HOG02773	1	1	1
HOG02774	1	1	1
HOG02775	1	1	1
HOG02776	1	1	1
HOG02777	1	1	1
HOG02778	1	1	1
HOG02779	1	1	1
HOG02780	1	1	1
HOG02781	1	1	1
HOG02782	1	1	1
HOG02783	1	1	1
HOG02784	1	1	1
HOG02785	1	1	1
HOG02786	1	1	1
HOG02787	1	1	1
HOG02788	1	1	1
HOG02789	1	1	1
HOG02790	1	1	1
HOG02791	1	1	1
HOG02792	1	1	1
HOG02793	1	1	1
HOG02794	1	1	1
HOG02795	1	1	1
HOG02796	1	1	1
HOG02797	1	1	1
HOG02798	1	1	1
HOG02799	1	1	1
HOG02800	1	1	1
HOG02801	1	1	1
HOG02802	1	1	1
HOG02803	1	1	1
HOG02804	1	1	1
HOG02805	1	1	1
HOG02806	1	1	1
HOG02807	1	1	1
HOG02808	1	1	1
HOG02809	1	1	1
HOG02810	1	1	1
HOG02811	1	1	1
HOG02812	1	1	1
HOG02813	1	1	1
HOG02814	1	1	1
HOG02815	1	1	1
HOG02816	1	1	1
HOG02817	1	1	1
HOG02818	1	1	1
HOG02819	1	1	1
HOG02820	1	1	1
HOG02821	1	1	1
HOG02822	1	1	1
HOG02823	1	1	1
HOG02824	1	1	1
HOG02825	1	1	1
HOG02826	1	1	1
HOG02827	1	1	1
HOG02828	1	1	1
HOG02829	1	1	1
HOG02830	1	1	1
HOG02831	1	1	1
HOG02832	1	1	1
HOG02833	1	1	1
HOG02834	1	1	1
HOG02835	1	1	1
HOG02836	1	1	1
HOG02837	1	1	1
HOG02838	1	1	1
HOG02839	1	1	1
HOG02840	1	1	1
HOG02841	1	1	1
HOG02842	1	1	1
HOG02843	1	1	1
HOG02844	1	1	1
HOG02845	1	1	1
HOG02846	1	1	1
HOG02847	1	1	1
HOG02848	1	1	1
HOG02849	1	1	1
HOG02850	1	1	1
HOG02851	1	1	1
HOG02852	1	1	1
HOG02853	1	1	1
HOG02854	1	1	1
HOG02855	1	1	1
HOG02856	1	1	1
HOG02857	1	1	1
HOG02858	1	1	1
HOG02859	1	1	1
HOG02860	1	1	1
HOG02861	1	1	1
HOG02862	1	1	1
HOG02863	1	1	1
HOG02864	1	1	1
HOG02865	1	1	1
HOG02866	1	1	1
HOG02867	1	1	1
HOG02868	1	1	1
HOG02869	1	1	1
HOG02870	1	1	1
HOG02871	1	1	1
HOG02872	1	1	1
HOG02873	1	1	1
HOG02874	1	1	1
HOG02875	1	1	1
HOG02876	1	1	1
HOG02877	1	1	1
HOG02878	1	1	1
HOG02879	1	1	1
HOG02880	1	1	1
HOG02881	1	1	1
HOG02882	1	1	1
HOG02883	1	1	1
HOG02884	1	1	1
HOG02885	1	1	1
HOG02886	1	1	1
HOG02887	1	1	1
HOG02888	1	1	1
HOG02889	1	1	1
HOG02890	1	1	1
HOG02891	1	1	1
HOG02892	1	1	1
HOG02893	1	1	1
HOG02894	1	1	1
HOG02895	1	1	1
HOG02896	1	1	1
HOG02897	1	1	1
HOG02898	1	1	1
HOG02899	1	1	1
HOG02900	1	1	1
HOG02901	1	1	1
HOG02902	1	1	1
HOG02903	1	1	1
HOG02904	1	1	1
HOG02905	1	1	1
HOG02906	1	1	1
HOG02907	1	1	1
HOG02908	1	1	1
HOG02909	1	1	1
HOG02910	1	1	1
HOG02911	1	1	1
HOG02912	1	1	1
HOG02913	1	1	1
HOG02914	1	1	1
HOG02915	1	1	1
HOG02916	1	1	1
HOG02917	1	1	1
HOG02918	1	1	1
HOG02919	1	1	1
HOG02920	1	1	1
HOG02921	1	1	1
HOG02922	1	1	1
HOG02923	1	1	1
HOG02924	1	1	1
HOG02925	1	1	1
HOG02926	1	1	1
HOG02927	1	1	1
HOG02928	1	1	1
HOG02929	1	1	1
HOG02930	1	1	1
HOG02931	1	1	1
HOG02932	1	1	1
HOG02933	1	1	1
HOG02934	1	1	1
HOG02935	1	1	1
HOG02936	1	1	1
HOG02937	1	1	1
HOG02938	1	1	1
HOG02939	1	1	1
HOG02940	1	1	1
HOG02941	1	1	1
HOG02942	1	1	1
HOG02943	1	1	1
HOG02944	1	1	1
HOG02945	1	1	1
HOG02946	1	1	1
HOG02947	1	1	1
HOG02948	1	1	1
HOG02949	1	1	1
HOG02950	1	1	1
HOG02951	1	1	1
HOG02952	1	1	1
HOG02953	1	1	1
HOG02954	1	1	1
HOG02955	0	1	1
HOG02956	1	1	1
HOG02957	1	1	1
HOG02958	1	1	1
HOG02959	1	1	1
HOG02960	1	1	1
HOG02961	1	1	1
HOG02962	1	1	1
HOG02963	1	1	1
HOG02964	1	1	1
HOG02965	1	1	1
HOG02966	1	1	1
HOG02967	1	1	1
HOG02968	1	1	1
HOG02969	1	1	1
HOG02970	1	1	1
HOG02971	1	1	1
HOG02972	1	1	1
HOG02973	1	1	1
HOG02974	1	1	1
HOG02975	1	1	1
HOG02976	1	1	1
HOG02977	1	1	1
HOG02978	1	1	1
HOG02979	1	1	1
HOG02980	1	1	1
HOG02981	1	1	1
HOG02982	1	1	1
HOG02983	1	1	1
HOG02984	1	1	1
HOG02985	1	1	1
HOG02986	1	1	1
HOG02987	1	1	1
HOG02988	1	1	1
HOG02989	1	1	1
HOG02990	1	1	1
HOG02991	1	1	1
HOG02992	1	1	1
HOG02993	1	1	1
HOG02994	1	1	1
HOG02995	1	1	1
HOG02996	1	1	1
HOG02997	1	1	1
HOG02998	1	1	1
HOG02999	1	1	1
HOG03000	1	1	1
HOG03001	1	1	1
HOG03002	1	1	1
HOG03003	1	1	1
HOG03004	1	1	1
HOG03005	1	1	1
HOG03006	1	1	1
HOG03007	1	1	1
HOG03008	1	1	1
HOG03009	1	1	1
HOG03010	1	1	1
HOG03011	1	1	1
HOG03012	1	1	1
HOG03013	1	1	1
HOG03014	1	1	1
HOG03015	1	1	1
HOG03016	1	1	1
HOG03017	1	1	1
HOG03018	1	1	1
HOG03019	1	1	1
HOG03020	1	1	1
HOG03021	1	1	1
HOG03022	1	1	1
HOG03023	1	1	1
HOG03024	1	1	1
HOG03025	1	1	1
HOG03026	1	1	1
HOG03027	1	1	1
HOG03028	1	1	1
HOG03029	1	1	1
HOG03030	1	1	1
HOG03031	1	1	1
HOG03032	1	1	1
HOG03033	1	1	1
HOG03034	1	1	1
HOG03035	1	1	1
HOG03036	1	1	1
HOG03037	1	1	1
HOG03038	1	1	1
HOG03039	1	1	1
HOG03040	1	1	1
HOG03041	1	1	1
HOG03042	1	1	1
HOG03043	1	1	1
HOG03044	1	1	1
HOG03045	1	1	1
HOG03046	1	1	1
HOG03047	1	1	1
HOG03048	1	1	1
HOG03049	1	1	1
HOG03050	1	1	1
HOG03051	1	1	1
HOG03052	1	1	1
HOG03053	1	1	1
HOG03054	1	1	1
HOG03055	0	1	1
HOG03056	1	1	1
HOG03057	1	1	1
HOG03058	1	1	1
HOG03059	1	1	1
HOG03060	1	1	1
HOG03061	1	1	1
HOG03062	1	1	1
HOG03063	1	1	1
HOG03064	1	1	1
HOG03065	1	1	1
HOG03066	1	1	1
HOG03067	1	1	1
HOG03068	1	1	1
HOG03069	1	1	1
HOG03070	1	1	1
HOG03071	1	1	1
HOG03072	1	1	1
HOG03073	1	1	1
HOG03074	1	1	1
HOG03075	1	1	1
HOG03076	1	1	1
HOG03077	1	1	1
HOG03078	1	1	1
HOG03079	1	1	1
HOG03080	1	1	1
HOG03081	1	1	1
HOG03082	1	1	1
HOG03083	2	2	3
HOG03084	2	1	3
HOG03085	1	1	2
HOG03086	2	1	2
HOG03087	2	1	2
HOG03088	1	1	1
HOG03089	1	1	1
HOG03090	1	1	1
HOG03091	1	1	1
HOG03092	1	1	1
HOG03093	1	1	1
HOG03094	1	1	1
HOG03095	1	1	1
HOG03096	1	1	1
HOG03097	1	1	1
HOG03098	1	1	1
HOG03099	1	1	1
HOG03100	1	1	1
HOG03101	1	1	1
HOG03102	1	1	1
HOG03103	1	1	1
HOG03104	1	1	1
HOG03105	1	1	1
HOG03106	1	1	1
HOG03107	1	1	1
HOG03108	1	1	1
HOG03109	1	1	1
HOG03110	1	1	1
HOG03111	1	1	1
HOG03112	1	1	1
HOG03113	1	1	1
HOG03114	1	1	1
HOG03115	1	1	1
HOG03116	1	1	1
HOG03117	1	1	1
HOG03118	1	1	1
HOG03119	1	1	1
HOG03120	1	1	1
HOG03121	1	1	1
HOG03122	1	1	1
HOG03123	1	1	1
HOG03124	1	1	1
HOG03125	1	1	1
HOG03126	1	1	1
HOG03127	1	1	1
HOG03128	1	1	1
HOG03129	1	1	1
HOG03130	1	1	1
HOG03131	1	1	1
HOG03132	1	1	1
HOG03133	1	1	1
HOG03134	1	1	1
HOG03135	1	1	1
HOG03136	1	1	1
HOG03137	1	1	1
HOG03138	1	1	1
HOG03139	1	1	1
HOG03140	1	1	1
HOG03141	1	1	1
HOG03142	1	1	1
HOG03143	1	1	1
HOG03144	1	1	1
HOG03145	1	1	1
HOG03146	1	1	1
HOG03147	1	1	1
HOG03148	1	1	1
HOG03149	1	1	1
HOG03150	1	1	1
HOG03151	2	2	2
HOG03152	1	1	1
HOG03153	1	1	1
HOG03154	1	1	1
HOG03155	1	1	1
HOG03156	1	1	1
HOG03157	1	1	1
HOG03158	1	1	1
HOG03159	1	1	1
HOG03160	1	1	1
HOG03161	1	1	1
HOG03162	1	1	1
HOG03163	1	1	1
HOG03164	1	1	1
HOG03165	1	1	1
HOG03166	1	1	1
HOG03167	1	1	1
HOG03168	1	1	1
HOG03169	1	1	1
HOG03170	1	1	1
HOG03171	1	1	1
HOG03172	1	1	1
HOG03173	1	1	1
HOG03174	1	1	1
HOG03175	1	1	1
HOG03176	1	1	1
HOG03177	1	1	1
HOG03178	1	1	1
HOG03179	1	1	1
HOG03180	1	1	1
HOG03181	1	1	1
HOG03182	1	1	1
HOG03183	1	1	1
HOG03184	1	1	1
HOG03185	1	1	1
HOG03186	1	1	1
HOG03187	1	1	1
HOG03188	1	1	1
HOG03189	1	1	1
HOG03190	1	1	1
HOG03191	1	1	1
HOG03192	1	1	1
HOG03193	1	1	1
HOG03194	1	1	1
HOG03195	1	1	1
HOG03196	1	1	1
HOG03197	1	1	1
HOG03198	1	1	1
HOG03199	1	1	1
HOG03200	1	1	1
HOG03201	1	1	1
HOG03202	1	1	1
HOG03203	1	1	1
HOG03204	1	1	1
HOG03205	1	1	1
HOG03206	1	1	1
HOG03207	1	1	1
HOG03208	1	1	1
HOG03209	1	1	1
HOG03210	1	1	1
HOG03211	1	1	1
HOG03212	1	1	1
HOG03213	1	1	1
HOG03214	1	1	1
HOG03215	1	1	1
HOG03216	1	1	1
HOG03217	1	1	1
HOG03218	1	1	1
HOG03219	1	1	1
HOG03220	1	1	1
HOG03221	1	1	1
HOG03222	1	1	1
HOG03223	1	1	1
HOG03224	1	1	1
HOG03225	1	1	1
HOG03226	1	1	1
HOG03227	1	1	1
HOG03228	1	1	1
HOG03229	1	1	1
HOG03230	1	1	1
HOG03231	1	1	1
HOG03232	1	1	1
HOG03233	1	1	1
HOG03234	1	1	1
HOG03235	1	1	1
HOG03236	1	1	1
HOG03237	1	1	1
HOG03238	1	1	1
HOG03239	1	1	1
HOG03240	1	1	1
HOG03241	1	1	1
HOG03242	1	1	1
HOG03243	1	2	1
HOG03244	1	1	1
HOG03245	1	1	1
HOG03246	1	1	1
HOG03247	1	1	1
HOG03248	1	1	1
HOG03249	1	1	1
HOG03250	1	1	1
HOG03251	1	1	1
HOG03252	1	1	1
HOG03253	1	1	1
HOG03254	1	1	1
HOG03255	1	1	1
HOG03256	1	1	1
HOG03257	1	1	1
HOG03258	1	1	1
HOG03259	1	1	1
HOG03260	1	1	1
HOG03261	1	1	1
HOG03262	1	1	1
HOG03263	1	1	1
HOG03264	1	1	1
HOG03265	1	1	1
HOG03266	1	1	1
HOG03267	1	1	1
HOG03268	1	1	1
HOG03269	1	1	1
HOG03270	1	1	1
HOG03271	1	1	1
HOG03272	1	1	1
HOG03273	1	1	1
HOG03274	1	1	1
HOG03275	2	1	3
HOG03276	1	1	1
HOG03277	1	1	1
HOG03278	1	1	1
HOG03279	1	1	1
HOG03280	1	1	1
HOG03281	1	1	1
HOG03282	1	1	1
HOG03283	1	1	1
HOG03284	1	1	1
HOG03285	1	1	1
HOG03286	1	1	1
HOG03287	1	1	1
HOG03288	1	1	1
HOG03289	1	1	1
HOG03290	1	1	1
HOG03291	1	1	1
HOG03292	1	1	1
HOG03293	1	1	1
HOG03294	1	1	1
HOG03295	1	1	1
HOG03296	1	1	1
HOG03297	1	1	1
HOG03298	1	1	1
HOG03299	1	1	1
HOG03300	1	1	1
HOG03301	1	1	1
HOG03302	1	1	1
HOG03303	1	1	1
HOG03304	1	1	1
HOG03305	1	1	1
HOG03306	1	1	1
HOG03307	1	1	1
HOG03308	1	1	1
HOG03309	1	1	1
HOG03310	1	1	1
HOG03311	1	1	1
HOG03312	0	1	1
HOG03313	1	1	1
HOG03314	0	1	1
HOG03315	1	1	1
HOG03316	1	1	1
HOG03317	1	1	1
HOG03318	1	1	1
HOG03319	1	1	1
HOG03320	1	1	1
HOG03321	1	1	1
HOG03322	1	1	1
HOG03323	1	1	1
HOG03324	1	1	1
HOG03325	1	1	1
HOG03326	1	1	1
HOG03327	1	1	1
HOG03328	1	1	1
HOG03329	1	1	1
HOG03330	1	1	1
HOG03331	1	1	1
HOG03332	1	1	1
HOG03333	1	1	1
HOG03334	1	1	1
HOG03335	1	1	1
HOG03336	1	1	1
HOG03337	1	1	1
HOG03338	1	1	1
HOG03339	1	1	1
HOG03340	1	1	1
HOG03341	1	1	1
HOG03342	1	1	1
HOG03343	1	1	1
HOG03344	1	1	1
HOG03345	1	1	1
HOG03346	1	1	1
HOG03347	1	1	1
HOG03348	1	1	1
HOG03349	1	1	1
HOG03350	1	1	1
HOG03351	1	1	1
HOG03352	1	1	1
HOG03353	1	1	1
HOG03354	1	1	1
HOG03355	1	1	1
HOG03356	1	1	1
HOG03357	1	1	1
HOG03358	1	1	1
HOG03359	1	1	1
HOG03360	1	1	1
HOG03361	1	1	1
HOG03362	1	1	1
HOG03363	1	1	1
HOG03364	1	1	1
HOG03365	1	1	1
HOG03366	1	1	1
HOG03367	1	1	1
HOG03368	1	1	1
HOG03369	1	1	1
HOG03370	0	1	1
HOG03371	1	1	1
HOG03372	1	1	1
HOG03373	1	1	1
HOG03374	0	1	1
HOG03375	1	1	1
HOG03376	1	1	1
HOG03377	1	1	1
HOG03378	1	1	1
HOG03379	1	1	1
HOG03380	1	1	1
HOG03381	1	1	1
HOG03382	1	1	1
HOG03383	1	1	1
HOG03384	1	1	1
HOG03385	1	1	1
HOG03386	1	1	1
HOG03387	1	1	1
HOG03388	1	1	1
HOG03389	1	1	1
HOG03390	1	1	1
HOG03391	1	1	1
HOG03392	1	1	1
HOG03393	1	1	1
HOG03394	1	1	1
HOG03395	1	1	1
HOG03396	1	1	1
HOG03397	1	1	1
HOG03398	1	1	1
HOG03399	1	1	1
HOG03400	1	1	1
HOG03401	1	1	1
HOG03402	1	1	1
HOG03403	1	1	1
HOG03404	1	1	1
HOG03405	1	1	1
HOG03406	1	1	1
HOG03407	1	1	1
HOG03408	1	1	1
HOG03409	1	1	1
HOG03410	1	1	1
HOG03411	1	1	1
HOG03412	1	1	1
HOG03413	1	1	1
HOG03414	1	1	1
HOG03415	1	1	1
HOG03416	1	1	1
HOG03417	1	1	1
HOG03418	1	1	1
HOG03419	1	1	1
HOG03420	1	1	1
HOG03421	1	1	1
HOG03422	1	1	1
HOG03423	1	1	1
HOG03424	1	1	1
HOG03425	1	1	1
HOG03426	1	1	1
HOG03427	1	1	1
HOG03428	1	1	1
HOG03429	1	1	1
HOG03430	1	1	1
HOG03431	1	1	1
HOG03432	1	1	1
HOG03433	1	1	1
HOG03434	1	1	1
HOG03435	1	1	1
HOG03436	1	1	1
HOG03437	1	1	1
HOG03438	1	1	1
HOG03439	1	1	1
HOG03440	1	1	1
HOG03441	1	1	1
HOG03442	1	1	1
HOG03443	1	1	1
HOG03444	1	1	1
HOG03445	1	1	1
HOG03446	1	1	1
HOG03447	1	1	1
HOG03448	1	1	1
HOG03449	1	1	1
HOG03450	1	1	1
HOG03451	1	1	1
HOG03452	1	1	1
HOG03453	1	1	1
HOG03454	1	1	1
HOG03455	1	1	1
HOG03456	1	1	1
HOG03457	1	1	1
HOG03458	1	1	1
HOG03459	1	1	1
HOG03460	1	1	1
HOG03461	1	1	1
HOG03462	1	1	1
HOG03463	1	1	1
HOG03464	1	1	1
HOG03465	1	1	1
HOG03466	1	1	1
HOG03467	1	1	1
HOG03468	1	1	1
HOG03469	1	1	1
HOG03470	1	1	1
HOG03471	1	1	1
HOG03472	1	1	1
HOG03473	1	1	1
HOG03474	1	1	1
HOG03475	1	1	1
HOG03476	1	1	1
HOG03477	1	1	1
HOG03478	1	1	1
HOG03479	1	1	1
HOG03480	1	1	1
HOG03481	1	1	1
HOG03482	1	1	1
HOG03483	1	1	1
HOG03484	1	1	1
HOG03485	1	1	1
HOG03486	1	1	1
HOG03487	1	1	1
HOG03488	1	1	1
HOG03489	1	1	1
HOG03490	1	1	1
HOG03491	0	1	1
HOG03492	1	1	1
HOG03493	1	1	1
HOG03494	1	1	1
HOG03495	1	1	1
HOG03496	1	1	1
HOG03497	1	1	1
HOG03498	1	1	1
HOG03499	1	1	1
HOG03500	1	1	1
HOG03501	1	1	1
HOG03502	1	1	1
HOG03503	1	1	1
HOG03504	1	1	1
HOG03505	1	1	1
HOG03506	1	1	1
HOG03507	1	1	1
HOG03508	1	1	1
HOG03509	1	1	1
HOG03510	1	1	1
HOG03511	1	1	1
HOG03512	1	1	1
HOG03513	1	1	1
HOG03514	1	1	1
HOG03515	1	1	1
HOG03516	1	1	1
HOG03517	1	1	1
HOG03518	1	1	1
HOG03519	1	1	1
HOG03520	1	1	1
HOG03521	1	1	1
HOG03522	1	1	1
HOG03523	1	1	1
HOG03524	1	1	1
HOG03525	1	1	1
HOG03526	1	1	1
HOG03527	1	1	1
HOG03528	1	1	1
HOG03529	1	1	1
HOG03530	1	1	1
HOG03531	1	1	1
HOG03532	1	1	1
HOG03533	1	1	1
HOG03534	1	1	1
HOG03535	1	1	1
HOG03536	1	1	1
HOG03537	1	1	1
HOG03538	1	1	1
HOG03539	1	1	1
HOG03540	1	1	1
HOG03541	1	1	1
HOG03542	1	1	1
HOG03543	1	1	1
HOG03544	1	1	1
HOG03545	1	1	1
HOG03546	1	1	1
HOG03547	1	1	1
HOG03548	1	1	1
HOG03549	1	1	1
HOG03550	1	1	1
HOG03551	1	1	1
HOG03552	1	1	1
HOG03553	0	1	1
HOG03554	1	1	1
HOG03555	1	1	1
HOG03556	1	1	1
HOG03557	1	1	1
HOG03558	1	1	1
HOG03559	1	1	1
HOG03560	1	1	1
HOG03561	1	1	1
HOG03562	1	1	1
HOG03563	1	1	1
HOG03564	1	1	1
HOG03565	1	1	1
HOG03566	1	1	1
HOG03567	1	1	1
HOG03568	1	1	1
HOG03569	1	1	1
HOG03570	1	1	1
HOG03571	1	1	1
HOG03572	1	1	1
HOG03573	1	1	1
HOG03574	1	1	1
HOG03575	1	1	1
HOG03576	1	1	1
HOG03577	1	1	1
HOG03578	1	1	1
HOG03579	1	1	1
HOG03580	1	1	1
HOG03581	1	1	1
HOG03582	1	1	1
HOG03583	1	1	1
HOG03584	1	1	1
HOG03585	1	1	1
HOG03586	1	1	1
HOG03587	1	1	1
HOG03588	1	1	1
HOG03589	1	1	1
HOG03590	1	1	1
HOG03591	1	1	1
HOG03592	1	1	1
HOG03593	1	1	1
HOG03594	1	1	1
HOG03595	1	1	1
HOG03596	1	1	1
HOG03597	1	1	1
HOG03598	1	1	1
HOG03599	1	1	1
HOG03600	1	1	1
HOG03601	1	1	1
HOG03602	1	1	1
HOG03603	1	1	1
HOG03604	1	1	1
HOG03605	1	1	1
HOG03606	1	1	1
HOG03607	1	1	1
HOG03608	1	1	1
HOG03609	1	1	1
HOG03610	1	1	1
HOG03611	1	1	1
HOG03612	1	1	1
HOG03613	1	1	1
HOG03614	1	1	1
HOG03615	1	1	1
HOG03616	1	1	1
HOG03617	1	1	1
HOG03618	1	1	1
HOG03619	1	1	1
HOG03620	1	1	1
HOG03621	1	1	1
HOG03622	1	1	1
HOG03623	1	1	1
HOG03624	1	1	1
HOG03625	1	1	1
HOG03626	1	1	1
HOG03627	1	1	1
HOG03628	1	1	1
HOG03629	1	1	1
HOG03630	1	1	1
HOG03631	1	1	1
HOG03632	1	1	1
HOG03633	1	1	1
HOG03634	1	1	1
HOG03635	1	1	1
HOG03636	1	1	1
HOG03637	1	1	1
HOG03638	1	1	1
HOG03639	1	1	1
HOG03640	1	1	1
HOG03641	1	1	1
HOG03642	1	1	1
HOG03643	1	1	1
HOG03644	1	1	1
HOG03645	1	1	1
HOG03646	1	1	1
HOG03647	1	1	1
HOG03648	1	1	1
HOG03649	1	1	1
HOG03650	1	1	1
HOG03651	1	1	1
HOG03652	0	1	1
HOG03653	1	1	1
HOG03654	1	1	1
HOG03655	1	1	1
HOG03656	1	1	1
HOG03657	1	1	1
HOG03658	1	1	1
HOG03659	1	1	1
HOG03660	1	1	1
HOG03661	1	1	1
HOG03662	1	1	1
HOG03663	1	1	1
HOG03664	1	1	1
HOG03665	1	1	1
HOG03666	1	1	1
HOG03667	1	1	1
HOG03668	1	1	1
HOG03669	1	1	1
HOG03670	0	1	1
HOG03671	1	1	1
HOG03672	1	1	1
HOG03673	1	1	1
HOG03674	1	1	1
HOG03675	1	1	1
HOG03676	1	1	1
HOG03677	1	1	1
HOG03678	1	1	1
HOG03679	2	1	2
HOG03680	1	1	1
HOG03681	1	1	1
HOG03682	1	1	1
HOG03683	1	1	1
HOG03684	1	1	1
HOG03685	1	1	1
HOG03686	1	1	1
HOG03687	1	1	1
HOG03688	1	1	1
HOG03689	1	1	1
HOG03690	1	1	1
HOG03691	1	1	1
HOG03692	1	1	1
HOG03693	1	1	1
HOG03694	1	1	1
HOG03695	1	1	1
HOG03696	1	1	1
HOG03697	1	1	1
HOG03698	1	1	1
HOG03699	1	1	1
HOG03700	1	1	1
HOG03701	1	1	1
HOG03702	1	1	1
HOG03703	1	1	1
HOG03704	1	1	1
HOG03705	1	1	1
HOG03706	1	1	1
HOG03707	1	1	1
HOG03708	1	1	1
HOG03709	1	1	1
HOG03710	1	1	1
HOG03711	1	1	1
HOG03712	1	1	1
HOG03713	1	1	1
HOG03714	1	1	1
HOG03715	1	1	1
HOG03716	1	1	1
HOG03717	1	1	1
HOG03718	1	1	1
HOG03719	1	1	1
HOG03720	1	1	1
HOG03721	1	1	1
HOG03722	1	1	1
HOG03723	1	1	1
HOG03724	1	1	1
HOG03725	1	1	1
HOG03726	1	1	1
HOG03727	1	1	1
HOG03728	1	1	1
HOG03729	1	1	1
HOG03730	1	1	1
HOG03731	1	1	1
HOG03732	1	1	1
HOG03733	1	1	1
HOG03734	1	1	1
HOG03735	1	1	1
HOG03736	1	1	1
HOG03737	1	1	1
HOG03738	1	1	1
HOG03739	1	1	1
HOG03740	1	1	1
HOG03741	1	1	1
HOG03742	1	1	1
HOG03743	1	1	1
HOG03744	1	1	1
HOG03745	1	1	1
HOG03746	1	1	1
HOG03747	1	1	1
HOG03748	1	1	1
HOG03749	1	1	1
HOG03750	1	1	1
HOG03751	1	1	1
HOG03752	1	1	1
HOG03753	1	1	1
HOG03754	1	1	1
HOG03755	1	1	1
HOG03756	1	1	1
HOG03757	1	1	1
HOG03758	1	1	1
HOG03759	1	1	1
HOG03760	1	1	1
HOG03761	1	1	1
HOG03762	1	1	1
HOG03763	1	1	1
HOG03764	1	1	1
HOG03765	1	1	1
HOG03766	1	1	1
HOG03767	1	1	1
HOG03768	1	1	1
HOG03769	1	1	1
HOG03770	1	1	1
HOG03771	1	1	1
HOG03772	1	1	1
HOG03773	1	1	1
HOG03774	1	1	1
HOG03775	1	1	1
HOG03776	1	1	1
HOG03777	1	1	1
HOG03778	1	1	1
HOG03779	1	1	1
HOG03780	1	1	1
HOG03781	1	1	1
HOG03782	1	1	1
HOG03783	1	1	1
HOG03784	1	1	1
HOG03785	1	1	1
HOG03786	1	1	1
HOG03787	1	1	1
HOG03788	1	1	1
HOG03789	1	1	1
HOG03790	1	1	1
HOG03791	1	1	1
HOG03792	1	1	1
HOG03793	1	1	1
HOG03794	1	1	1
HOG03795	1	1	1
HOG03796	1	1	1
HOG03797	1	1	1
HOG03798	1	1	1
HOG03799	1	1	1
HOG03800	1	1	1
HOG03801	1	1	1
HOG03802	0	1	1
HOG03803	1	1	1
HOG03804	1	1	1
HOG03805	1	1	1
HOG03806	1	1	1
HOG03807	1	1	1
HOG03808	1	1	1
HOG03809	1	1	1
HOG03810	1	1	1
HOG03811	1	1	1
HOG03812	1	1	1
HOG03813	1	1	1
HOG03814	1	1	1
HOG03815	1	1	1
HOG03816	1	1	1
HOG03817	1	1	1
HOG03818	1	1	1
HOG03819	1	1	1
HOG03820	1	1	1
HOG03821	1	1	1
HOG03822	1	1	1
HOG03823	1	1	1
HOG03824	1	1	1
HOG03825	1	1	1
HOG03826	1	1	1
HOG03827	1	1	1
HOG03828	1	1	1
HOG03829	1	1	1
HOG03830	1	1	1
HOG03831	1	1	1
HOG03832	1	1	1
HOG03833	1	1	1
HOG03834	1	1	1
HOG03835	1	1	1
HOG03836	1	1	1
HOG03837	1	1	1
HOG03838	1	1	1
HOG03839	1	1	1
HOG03840	1	1	1
HOG03841	1	1	1
HOG03842	1	1	1
HOG03843	1	1	1
HOG03844	1	1	1
HOG03845	1	1	1
HOG03846	1	1	1
HOG03847	1	1	1
HOG03848	1	1	1
HOG03849	1	1	1
HOG03850	1	1	1
HOG03851	1	1	1
HOG03852	1	1	1
HOG03853	1	1	1
HOG03854	1	1	1
HOG03855	1	1	1
HOG03856	1	1	1
HOG03857	1	1	1
HOG03858	1	1	1
HOG03859	1	1	1
HOG03860	1	1	1
HOG03861	1	1	1
HOG03862	1	1	1
HOG03863	1	1	1
HOG03864	1	1	1
HOG03865	1	1	1
HOG03866	1	1	1
HOG03867	1	1	1
HOG03868	1	1	1
HOG03869	1	1	1
HOG03870	1	1	1
HOG03871	1	1	1
HOG03872	1	1	1
HOG03873	1	1	1
HOG03874	1	1	1
HOG03875	1	1	1
HOG03876	1	1	1
HOG03877	1	1	1
HOG03878	1	1	1
HOG03879	1	1	1
HOG03880	1	1	1
HOG03881	1	1	1
HOG03882	1	1	1
HOG03883	1	1	1
HOG03884	1	1	1
HOG03885	1	1	1
HOG03886	1	1	1
HOG03887	1	1	1
HOG03888	1	1	1
HOG03889	1	1	1
HOG03890	1	1	1
HOG03891	1	1	1
HOG03892	1	1	1
HOG03893	1	1	1
HOG03894	1	1	1
HOG03895	1	1	1
HOG03896	1	1	1
HOG03897	1	1	1
HOG03898	1	1	1
HOG03899	1	1	1
HOG03900	1	1	1
HOG03901	1	1	1
HOG03902	1	1	1
HOG03903	1	1	1
HOG03904	1	1	1
HOG03905	1	1	1
HOG03906	1	1	1
HOG03907	1	1	1
HOG03908	1	1	1
HOG03909	1	1	1
HOG03910	1	1	1
HOG03911	1	1	1
HOG03912	1	1	1
HOG03913	1	1	1
HOG03914	1	1	1
HOG03915	1	1	1
HOG03916	1	1	1
HOG03917	1	1	1
HOG03918	1	1	1
HOG03919	1	1	1
HOG03920	1	1	1
HOG03921	1	1	1
HOG03922	1	1	1
HOG03923	1	1	1
HOG03924	1	1	1
HOG03925	1	1	1
HOG03926	1	1	1
HOG03927	1	1	1
HOG03928	1	1	1
HOG03929	1	1	1
HOG03930	1	1	1
HOG03931	1	1	1
HOG03932	1	1	1
HOG03933	1	1	1
HOG03934	1	1	1
HOG03935	1	1	1
HOG03936	1	1	1
HOG03937	1	1	1
HOG03938	1	1	1
HOG03939	1	1	1
HOG03940	1	1	1
HOG03941	1	1	1
HOG03942	1	1	1
HOG03943	1	1	1
HOG03944	1	1	1
HOG03945	1	1	1
HOG03946	1	1	1
HOG03947	1	1	1
HOG03948	1	1	1
HOG03949	1	1	1
HOG03950	1	1	1
HOG03951	1	1	1
HOG03952	1	1	1
HOG03953	1	1	1
HOG03954	1	1	1
HOG03955	1	1	1
HOG03956	1	1	1
HOG03957	1	1	1
HOG03958	1	1	1
HOG03959	1	1	1
HOG03960	1	1	1
HOG03961	1	1	1
HOG03962	1	1	1
HOG03963	1	1	1
HOG03964	1	1	1
HOG03965	1	1	1
HOG03966	1	1	1
HOG03967	1	1	1
HOG03968	1	1	1
HOG03969	1	1	1
HOG03970	0	2	1
HOG03971	1	1	1
HOG03972	1	1	1
HOG03973	1	1	1
HOG03974	1	1	1
HOG03975	1	1	1
HOG03976	1	1	1
HOG03977	1	1	1
HOG03978	1	1	1
HOG03979	1	1	1
HOG03980	1	1	1
HOG03981	1	1	2
HOG03982	1	1	1
HOG03983	1	1	1
HOG03984	1	1	1
HOG03985	1	1	1
HOG03986	0	1	1
HOG03987	1	1	1
HOG03988	0	1	1
HOG03989	0	1	1
HOG03990	1	1	1
HOG03991	1	1	1
HOG03992	1	1	1
HOG03993	1	1	1
HOG03994	1	1	1
HOG03995	1	1	1
HOG03996	1	1	1
HOG03997	1	1	1
HOG03998	1	1	1
HOG03999	1	1	1
HOG04000	1	1	1
HOG04001	1	1	1
HOG04002	1	1	1
HOG04003	1	1	1
HOG04004	1	1	1
HOG04005	1	1	1
HOG04006	1	1	1
HOG04007	1	1	1
HOG04008	1	1	1
HOG04009	1	1	1
HOG04010	1	1	1
HOG04011	1	1	1
HOG04012	1	1	1
HOG04013	1	1	1
HOG04014	1	1	1
HOG04015	1	1	1
HOG04016	1	1	1
HOG04017	1	1	1
HOG04018	1	1	1
HOG04019	1	1	1
HOG04020	1	1	1
HOG04021	1	1	1
HOG04022	1	1	1
HOG04023	1	1	1
HOG04024	1	1	1
HOG04025	1	1	1
HOG04026	1	1	1
HOG04027	1	1	1
HOG04028	1	1	1
HOG04029	1	1	1
HOG04030	1	1	1
HOG04031	1	1	1
HOG04032	1	1	1
HOG04033	1	1	1
HOG04034	1	1	1
HOG04035	1	1	1
HOG04036	1	1	1
HOG04037	1	1	1
HOG04038	1	1	0
HOG04039	1	2	0
HOG04040	1	1	0
HOG04041	1	1	0
HOG04042	1	1	0
HOG04043	1	1	0
HOG04044	1	1	0
HOG04045	1	1	0
HOG04046	1	2	0
HOG04047	1	1	0
HOG04048	1	1	0
HOG04049	1	1	0
HOG04050	1	1	0
HOG04051	1	1	0
HOG04052	1	1	0
HOG04053	1	1	0
HOG04054	1	1	0
HOG04055	1	1	0
HOG04056	1	1	0
HOG04057	1	2	0
HOG04058	1	1	0
HOG04059	1	1	0
HOG04060	1	1	0
HOG04061	1	1	0
HOG04062	1	1	0
HOG04063	1	2	0
HOG04064	1	1	0
HOG04065	1	1	0
HOG04066	1	1	0
HOG04067	1	1	0
