# The groups of orthologs are given as matrix with group per row
# and one genome per tab-separated column. Numbers refer to
# entry number as listed in the file "Map-SeqNum-id.map.
# Alternatively, use the OrthologousGroup.txt representation.
Bovismorbificans_CVM_30176	ECOLI	SALTY
4279	0	4098
4227	0	2423
4288	0	3353
4246	2507	2422
3753	0	2424
3760	2388	2441
3846	3022	3213
1335	858	962
1486	3746	3995
4101	0	3562
779	3745	3994
4131	824	929
3563	950	1078
4106	1333	1582
4120	2426	2474
3505	543	574
98	1151	1702
4099	3054	3252
4226	3976	4243
4109	3774	4025
4079	2659	2885
3878	3322	3488
4068	1298	1592
4112	0	2675
3454	178	230
3574	1043	1168
2165	2661	2887
540	429	467
4117	3917	4183
2623	32	66
0	1384	1518
2639	426	464
4067	1013	1138
3467	0	340
2968	2336	2390
3476	362	384
3859	3073	3274
3253	1387	1511
4272	3663	3889
3603	0	1330
4075	1964	2053
3599	1592	1312
3696	1965	2054
3629	0	1535
4260	0	347
3694	1954	2049
0	4088	4357
3421	0	19
2592	56	95
3801	2660	2886
3323	25	46
1009	4009	4307
1997	2097	2188
3812	2733	2942
3898	1126	3627
2764	667	715
901	3814	4091
4180	1276	2541
3830	2871	3089
749	3632	3851
2942	0	3643
2872	0	4365
561	2628	2853
3730	2160	2240
2063	3217	3389
2058	95	135
3900	0	3633
4023	161	213
4043	0	1339
13	109	151
2102	3995	4288
836	1163	1690
3004	3325	3491
3396	1201	1653
619	3280	3458
3350	2095	2186
2337	3723	3971
3450	660	195
3904	929	3698
412	2980	3172
3521	639	682
4175	0	998
3766	2454	2560
3422	874	23
1206	1197	1655
3037	2108	2189
2705	597	634
137	2539	2722
3556	866	1013
3640	1302	1587
2414	979	1104
808	3583	3797
3402	933	3694
3179	1741	1787
1512	3195	3367
4224	113	157
2338	2575	2804
4161	491	535
3862	3165	3349
3881	0	3510
2090	144	189
2886	2458	2565
1734	2085	2177
4124	2955	4421
3444	0	174
2162	1993	2075
3466	0	327
4118	3715	3963
4298	1491	1441
3625	0	1500
3545	828	933
2301	3224	3406
3808	0	2919
3612	1492	1440
3486	448	487
224	3935	4201
2232	209	301
2971	2	2
591	758	814
3952	3796	4072
3376	530	0
210	3489	3707
1652	53	92
3462	0	293
4123	3026	4400
4264	0	2439
3443	119	168
3937	3708	3954
3597	1607	1297
3270	3342	3516
3868	3216	3388
3487	460	497
4061	143	188
2908	171	223
1508	1618	1286
3963	0	4142
3683	0	1992
4146	57	96
2967	0	4048
2473	404	440
4297	0	2165
3845	3020	3211
3075	837	941
1627	3208	3380
3241	3873	4133
459	3718	3966
3836	2929	3128
3759	2387	2440
4107	847	951
2488	2111	2194
2264	3206	3378
4122	4097	4372
3508	0	597
4077	2014	2092
3409	3324	3490
3682	0	1991
876	2329	2381
3503	540	571
3917	3605	3822
2128	817	916
3592	1636	1266
3827	2837	3062
704	2626	2851
3074	636	680
298	3228	3410
2196	2668	2894
3751	2371	2412
3781	2554	2737
2998	2834	3056
245	0	342
3447	145	190
3740	2266	2326
3537	743	798
3755	0	2426
2558	3888	2468
3936	3703	3948
956	3590	3808
335	3710	3959
27	1031	1156
3261	3835	4122
4216	3990	4285
4150	0	2678
2851	734	793
3919	3620	3840
2180	894	1029
2043	2675	2901
3865	3197	3369
944	4092	4363
3769	0	2594
1661	3784	4062
4129	3442	3613
382	3139	3322
4046	3830	4118
4138	2524	2707
3698	0	2060
4158	2174	2255
2517	882	1017
3628	1370	1528
3693	1947	2042
3320	2976	3168
727	0	18
788	3158	3342
3874	3263	3448
2406	555	586
674	2216	2305
4182	2792	3003
3624	0	1499
1233	2369	2410
2625	0	353
3630	0	1536
4130	3215	3387
3857	0	3271
3426	0	41
3924	3647	3871
3658	1752	1818
47	3444	3615
377	2573	2754
1	1787	1852
903	0	4099
1114	396	432
598	1998	2080
3886	3351	3526
3559	896	1031
4303	1448	1454
2900	3559	3775
4028	1551	1386
2530	1737	1783
1686	3364	3535
2114	0	2791
4088	0	2777
2955	0	1361
3840	2958	3150
487	3316	3482
116	714	770
3406	3227	3409
3023	2766	2975
3749	2331	2383
1160	2036	2125
300	2763	2965
4287	1535	1402
3834	2898	3106
1516	0	2313
3449	148	193
4073	2201	2296
4223	641	684
4010	1211	1644
1199	3049	3247
3632	1353	1545
4057	1796	1860
2498	2334	2388
3956	3825	4112
3891	0	3550
1042	2277	2337
3722	2131	2216
2073	0	346
3750	2342	2394
3271	4129	4410
4167	1687	1233
2889	1667	1246
3594	1624	1281
386	814	913
1358	3968	4236
2911	3060	3258
2568	2988	3180
2974	3321	3487
2269	2075	3686
3644	1213	1643
2364	623	664
2410	0	638
200	0	83
4070	0	1609
3513	590	626
3499	0	556
0	3448	3620
395	1714	1759
3484	434	473
3472	307	360
597	2848	3069
1185	3532	3745
4194	3391	3556
1454	3152	3335
1210	13	12
3945	3753	4005
3557	883	1018
4098	0	4281
99	2811	3027
2611	764	819
1816	2973	3166
313	3538	3751
20	385	411
439	0	1849
3161	437	476
0	3290	3466
3140	2885	3099
2221	406	442
1361	3733	3981
2231	0	1069
2624	3554	3767
2449	2155	2235
3196	3598	3815
2961	1670	1243
3892	3383	3553
2941	1951	2046
843	0	1480
1309	2059	2141
0	180	233
3415	46	85
3649	906	1725
1131	1149	1704
3731	2163	2243
1332	3640	3861
2791	3912	4179
3553	859	963
2049	0	3951
1603	2644	2869
2481	1758	1824
2131	373	396
3067	1818	1881
3439	110	152
1763	2439	2492
852	3520	3732
765	2070	2153
3343	3926	4192
475	2658	2884
2346	2169	2250
1338	2066	2148
4230	2565	2746
3477	368	390
3762	2394	2448
1721	665	713
3455	0	232
3489	467	506
2651	3771	4022
3908	0	3731
4229	3150	3333
3395	0	1969
2788	3722	3970
4115	889	1024
3728	2147	2232
4017	413	450
2093	2884	3098
2950	414	451
1281	848	952
4232	81	121
2413	821	926
4084	0	3010
1618	0	1774
3548	839	943
3062	2563	2744
4266	0	1333
3703	2015	2093
2956	1774	1840
2609	3975	4242
3348	75	115
3424	0	32
242	2817	3035
3786	0	2780
3059	729	789
227	4039	3403
2980	3337	3507
4147	1784	1848
1080	1392	1507
1841	806	906
4328	0	1501
2606	1856	1919
1429	2282	2342
862	1115	1739
3792	2606	2843
1835	2722	2931
2962	189	240
508	3463	3666
587	3329	3496
3055	624	665
2184	60	102
2322	0	829
2898	410	446
677	2335	2389
3872	3241	3423
2129	3311	3475
1676	1711	1756
1405	1121	1734
3897	3447	3619
3425	0	38
4241	0	1415
2608	2691	2771
2727	0	1046
1930	0	2793
357	2141	2226
859	618	659
3015	1839	1903
4233	0	3235
4255	0	1935
1504	0	1936
3544	820	925
938	3496	3714
4029	1343	1563
474	3991	4286
2367	782	841
2951	0	1966
3433	66	108
2913	3439	3610
3701	2007	2085
207	3892	4159
133	4128	4409
565	3611	3829
4063	3201	3373
360	1606	1298
3960	3870	4130
2009	2480	2588
2095	4093	4364
434	845	949
3148	1165	1687
2441	3396	3563
4215	1221	1632
1762	3780	4058
3517	605	645
291	1011	1136
1378	811	910
2164	3270	1204
2163	118	167
2759	0	2321
1044	885	1020
659	2622	2848
3031	3475	3679
3473	0	362
1507	444	483
3543	808	908
874	2867	3087
3723	2133	2218
107	3878	4137
3610	1517	1411
2107	0	2773
3910	0	3764
1946	2048	2130
2238	633	677
4100	3336	3503
2392	1130	1719
1893	3823	4110
1015	2090	2181
3512	576	611
1956	2117	2201
2293	2444	2550
4019	0	53
3824	0	3040
2973	3202	3374
2842	1255	1619
987	3821	4106
1611	3899	4166
4172	3943	4210
1760	0	3449
3493	477	518
1270	442	481
1152	1794	1858
3440	112	156
2193	3775	4026
2482	3769	4020
1525	3881	4141
4026	1721	1765
3791	2605	2842
1799	0	1054
533	4111	4388
4262	0	4331
346	1420	3925
558	0	3476
2204	755	809
2866	551	582
2778	3765	4017
3955	3817	4101
1563	1383	1519
2013	674	719
430	2375	2419
2826	3327	3494
1692	1186	1665
2524	750	805
1084	1950	2045
778	0	33
4166	64	106
4105	1340	1567
580	1112	1742
1399	2535	2718
3469	303	356
624	2062	2144
1136	0	3103
4210	2941	3136
3251	978	1103
3166	1152	1701
3436	72	112
3430	36	70
1755	39	73
2195	2058	2140
2023	564	595
2113	2154	2234
781	911	1730
2617	2370	2411
358	3405	3575
1624	2427	2476
3639	0	1578
2795	1187	1664
2888	1249	1623
555	3381	3551
1941	612	652
3106	3555	3768
1557	1599	1305
3764	3890	2466
2580	4117	4394
2834	0	1698
1450	0	4041
3951	3789	4065
1134	0	1486
449	155	207
9	2720	2929
4102	421	457
2752	3525	3738
3539	765	820
1971	0	3957
3211	998	1123
1017	1722	1766
993	1110	1744
853	2189	2279
2219	3923	4189
3432	59	101
1249	2030	2115
1492	0	60
1470	0	856
1071	3223	3399
3733	2175	2256
981	4011	4309
2728	1422	3927
2856	1508	1421
1130	0	3014
3164	3694	3939
461	3914	4181
4321	2533	2715
4185	1411	35
1981	1092	332
2424	1690	1231
2357	951	1079
4008	1540	1397
3511	572	607
4189	1588	1317
288	2889	3104
1081	0	4254
3636	0	1564
1682	0	1049
2096	3866	4127
3531	0	763
869	3617	3835
837	1759	1825
2717	3319	3485
3555	0	2518
1445	3472	1082
953	0	2688
2054	3285	3461
2152	3537	3750
3665	1832	1897
867	3540	3753
150	3549	3762
2380	2981	3173
2402	651	689
1719	82	122
2245	976	1101
78	3557	3772
3671	0	1945
1664	1519	1409
1955	1372	1525
640	1171	1680
2531	3460	3659
378	3055	3253
3851	3033	3221
776	0	1341
3296	4066	3024
1246	2037	2126
3620	319	1488
942	0	2972
1600	286	1057
2382	1058	1182
747	2379	2428
1033	1875	1937
310	3826	4114
177	569	604
3810	2731	2940
2525	3560	3776
2546	88	128
1954	3887	2469
3778	2551	2734
3338	1650	1253
1163	2362	2403
3613	1452	1450
803	3357	3531
3929	3673	3900
3401	0	427
3902	0	3651
620	2582	2808
3077	221	307
334	3787	4251
2666	650	688
174	1933	2028
4022	3288	3464
1387	1936	2031
2158	2376	2420
3667	1877	1940
1268	3623	3843
4168	0	1515
28	1147	1706
211	1405	2276
3890	3373	3545
3529	695	751
1546	2269	2329
675	1897	1993
4218	1292	1006
208	3895	4162
2958	625	666
2809	3225	3407
1823	3012	3203
3124	616	656
1970	0	2817
1503	388	414
2597	3258	3443
1616	0	4050
1685	1357	1539
895	3608	3826
3317	2425	2473
2503	3836	2098
261	1804	1867
31	2835	3060
3516	604	644
3729	2153	2233
3843	2992	3184
3412	1306	3017
2703	1861	1924
977	0	349
618	3545	3758
1129	1030	1155
239	3023	3214
2991	3639	3859
3341	2909	3025
900	0	148
270	1761	1827
3976	0	4252
2613	3729	3977
4225	0	4146
709	3963	4231
3546	833	937
4231	0	2278
988	3949	4216
1596	0	3141
3014	0	1497
711	0	670
759	2680	2907
4245	2853	3074
3992	4087	4356
297	398	434
3471	306	359
2749	2510	2691
2091	3807	4083
3515	0	642
2985	0	3645
3305	0	339
1815	2645	2870
1979	2870	3088
3127	111	153
3962	3876	4136
1666	156	208
2747	3065	3265
4111	804	904
364	864	968
166	3053	3251
3000	0	318
3779	2552	2735
2782	3637	3857
1235	2512	2693
947	240	2274
427	1966	2055
774	1516	1412
3596	1611	1293
3789	2593	2829
179	3492	3710
4091	1742	1788
3735	0	2277
4219	0	971
1242	0	2593
3623	0	1495
4293	138	183
2585	2770	2980
1987	0	2684
1605	3310	3692
123	1917	2007
1754	531	554
3435	70	110
11	3635	3856
1896	3449	3621
2235	3792	4068
3495	485	526
2005	3458	3657
3690	1934	2029
2190	0	2315
229	1828	2672
1871	1247	1625
2487	2321	2373
4188	1581	1325
3975	3986	4249
251	3646	3870
60	1150	1703
2171	2116	2200
4265	0	1878
1850	3576	3792
4248	3577	3823
4001	4136	4417
2222	107	149
3227	1970	2061
3631	1362	1538
612	3384	3554
1066	367	389
1024	1060	1184
3689	1930	2025
1343	3680	3911
354	3446	3618
1444	2637	2863
40	1507	1422
3142	2890	3105
2551	2317	2369
1208	0	4296
450	1829	1894
2175	2455	2561
577	3523	3736
3677	0	1977
1471	200	252
605	1385	1517
3710	0	2122
1984	1967	2056
3491	471	512
1921	150	202
4142	3762	4014
1473	0	2716
2500	0	1347
1537	3088	3286
3961	3875	4135
1166	0	3146
3427	0	42
2258	1718	1762
3153	0	2259
1002	1510	1419
1708	2307	2368
3797	2631	2857
3977	0	4259
332	2629	2855
3119	1900	1994
2344	1633	1268
2015	3063	3263
1432	1720	1764
2744	1570	1370
542	1434	1466
2946	3203	3375
1634	0	1961
164	3574	3790
3562	0	1062
885	3168	3352
2375	4126	4407
1063	3621	3841
984	0	854
1099	2475	2581
3438	102	142
2133	3521	3733
2201	578	613
2876	3727	3975
213	1641	1261
1121	1956	2051
1440	2639	2865
670	1842	1906
1789	2161	2241
2685	3358	3532
643	2983	3175
1940	3988	4271
756	3481	3699
73	1342	1565
2135	3973	4240
202	826	931
2174	170	222
924	1665	1247
3724	2137	2222
2311	0	3652
490	3292	3469
1425	2927	3127
215	770	823
295	0	2191
1729	0	3918
3752	2377	2421
336	2931	3130
596	325	2105
304	3889	2467
283	3871	4131
664	2630	2856
2326	392	425
1356	2657	2883
1737	2844	3066
2268	0	3006
3236	0	4096
2046	3879	4138
3169	0	3729
4069	1269	1596
21	732	792
925	0	2008
2599	3099	3297
734	1865	1050
3307	0	1315
553	0	56
118	635	679
3344	0	4350
3063	856	960
1436	2423	2471
689	2446	2552
4018	0	2124
1060	2926	3126
4090	1735	1781
1441	83	123
2098	4137	4418
4027	3497	3715
3125	3505	3722
2533	0	3569
4047	0	4095
3691	1935	2030
1434	3247	3429
3465	0	326
2314	0	3662
3400	3699	3944
3109	2219	2308
1749	2910	3022
2169	3459	3658
4127	0	1638
3646	1185	1666
423	3779	4057
760	3226	3408
1588	3043	3231
3842	2986	3178
1289	2142	2227
1135	4119	4396
330	3820	4105
4192	2295	2479
4173	1763	1829
3602	0	1326
388	0	2016
690	1688	1232
3589	1649	1254
1106	4046	1555
1184	0	3471
2658	0	2703
2537	1228	3016
595	2738	2947
2636	3214	3386
1958	3770	4021
458	366	388
3498	279	550
171	0	668
1509	2296	2387
2966	1271	973
1032	2237	3675
1256	2236	3674
1752	662	709
3249	682	727
325	3231	3413
2021	827	932
2648	2717	3504
661	1038	1163
1079	2638	2864
2627	4016	4314
3576	0	1180
635	709	765
3653	1113	1741
1648	3087	3285
1952	0	2789
1792	52	91
2272	2403	2462
2626	3799	4075
2828	1740	1786
1772	3833	4120
2040	365	387
1778	85	125
3490	470	511
3679	0	1979
2631	0	1534
1226	3933	4199
1155	472	513
2684	3315	3481
1960	1982	2067
1112	2925	3125
1320	0	3905
3507	560	591
2542	707	759
1820	2457	2563
414	2391	2445
1456	3894	4161
1415	3763	4015
104	2621	2847
3967	3925	4191
3456	182	235
509	1543	1394
1865	4094	1485
3173	0	1733
1100	3929	4195
4187	0	1362
3560	0	1056
3272	756	812
850	884	1019
49	1874	211
2426	2791	3002
4110	0	4079
2811	401	437
3831	2872	3090
3826	0	3059
169	2677	2904
1533	416	453
2567	2382	2431
1304	4025	1086
184	0	3704
88	2122	2207
442	3365	3536
1205	2271	2331
4093	1979	3143
1959	3320	3486
139	3561	3777
3796	2627	2852
2928	2217	2306
3928	3672	3899
1974	3764	4016
2506	0	4097
3345	4	4
4164	1108	1929
1175	478	519
572	223	309
3880	3331	3498
3848	309	3217
2191	2028	2113
4267	0	37
3611	1514	1414
1709	1932	2027
3876	0	3467
4032	3426	3595
3277	3187	3359
3889	3371	3543
1354	91	131
1654	938	1072
1809	3250	3434
3738	0	2312
1062	1065	1190
400	403	439
2545	2511	2692
606	2365	2406
3598	1604	1300
2440	3563	3779
824	0	345
3551	842	946
3774	2509	2690
4325	0	1723
277	1500	1428
1480	724	784
3060	42	76
1043	0	3239
3684	1908	1998
4119	2420	2464
4235	3406	3576
3736	2192	2282
2386	4079	4347
2635	0	1572
1360	475	516
4312	3930	4196
2700	532	555
521	1134	1715
3925	3649	3873
2226	1410	36
1500	2118	2202
899	2999	3190
3744	0	2346
35	2656	2882
4014	0	741
4092	4127	4408
2904	86	126
3504	541	572
505	1047	1171
3442	0	161
4280	0	3234
1574	1485	1447
0	642	685
4294	2477	2583
151	3572	3788
3600	1586	1319
3903	3479	3683
3788	2579	2812
126	1024	1149
2349	37	71
998	0	4299
1476	566	601
4154	3897	4164
33	3567	3783
105	2684	2913
441	1585	1320
217	2167	2248
3922	0	3864
905	1056	1179
1846	4120	4397
1211	0	50
3453	149	201
3523	0	739
3832	2874	3092
3988	4080	4348
574	3159	3343
3706	2027	2112
405	2263	2324
1262	2701	970
4259	0	317
1854	0	2516
1720	2398	2452
725	2906	3112
1518	1963	2052
3978	0	4267
2379	2469	2576
1961	587	623
4214	1496	1432
435	901	1036
979	762	817
3719	2123	2208
1118	2261	2320
743	125	178
2877	932	3695
19	0	509
4095	308	3216
1204	2318	2370
1502	0	3419
1848	2200	2295
1124	0	1329
2071	0	2779
623	0	4245
2688	2743	2951
3053	2119	2203
273	1943	2038
2789	2736	2945
3128	1834	1899
280	994	1119
4190	1596	1308
1555	1937	2032
1843	4065	3023
566	620	661
2470	4008	4306
2938	443	482
1829	167	219
3681	0	1983
3244	3579	3793
1068	0	371
4169	0	1487
4136	0	1235
2761	777	837
585	865	972
700	1498	1430
2241	0	3705
3692	1944	2039
3518	0	646
4309	548	579
651	1184	1667
1116	0	2314
3114	1045	1169
2037	226	313
4086	2064	2146
181	1652	1251
842	0	1342
600	774	834
230	0	1893
1571	0	2190
2862	363	385
1058	2855	3076
3705	0	2101
930	2264	2325
2283	2526	2709
3837	2930	3129
3864	3190	3362
149	3432	3601
3819	0	3011
3893	0	3568
219	982	1107
303	668	716
399	2827	3049
4254	3267	3453
1109	862	966
881	1527	1498
1780	1595	1309
3732	2173	2254
679	780	839
1283	2051	2133
4213	1567	1373
51	2818	3036
1077	0	2769
3894	3410	3580
1489	0	1892
96	3138	3987
1982	1931	2026
1096	3362	3533
1545	3790	4066
302	1568	1372
2388	0	553
3799	2652	2877
4165	101	141
1352	3398	3565
2335	3454	3646
915	550	581
4121	0	760
3552	850	954
1511	2993	3185
3721	2125	2210
3302	3284	3460
3540	0	828
0	3536	3749
2396	427	465
3403	1896	1988
1156	3809	4085
3645	1205	1649
2012	2421	2465
882	1600	1304
0	441	480
2754	2380	2429
3765	3338	2483
3224	0	975
1879	3466	3671
0	3220	3395
4058	1815	1875
1052	3619	3839
3661	0	1850
559	3164	3348
2679	2319	2371
498	0	2712
3970	3942	4209
2474	1443	1458
3787	0	2806
0	2251	2318
7	2385	2434
1568	3482	3700
1490	0	2197
1569	1916	2006
1108	3445	3617
1447	1844	1908
2905	0	2676
2460	2769	2979
2918	558	589
2948	0	341
3841	2972	3165
880	38	72
557	617	657
145	3992	0
470	0	498
3803	2674	2900
3566	977	1102
1791	3724	3972
2120	157	209
2642	0	3956
522	1756	1822
3470	305	358
1495	2683	2910
611	2464	2571
848	2112	2195
2899	1351	1547
30	1005	1130
3522	675	720
2423	669	717
3616	1437	1464
2579	0	4261
3609	1518	1410
720	4075	4346
3007	2532	2714
1501	371	394
3814	2737	2946
2254	1949	2044
1524	18	39
1827	0	669
1779	1788	1853
393	2199	2289
2248	0	4246
3583	1695	1226
2425	692	747
3288	3922	4188
63	2901	3107
2686	794	853
3906	3501	3718
2325	790	849
1229	2643	0
3018	2339	2392
4307	832	936
3520	621	662
1365	0	1433
1238	1055	1178
2741	2404	2463
602	3707	3953
2198	0	3584
3577	1057	1181
1633	176	228
3858	3072	3273
1221	4053	1084
3029	2129	2214
343	2755	2958
444	2820	3038
1672	361	383
39	2641	2867
2548	2782	2993
1363	0	3585
1110	92	132
143	1940	2035
131	728	788
4239	0	2595
1972	2094	2185
1973	3566	3782
3914	3580	3794
3709	2033	2118
4076	2012	2090
1088	0	1209
371	711	767
4324	905	1724
2796	0	1481
2662	544	575
1401	3571	3787
2602	14	13
4132	681	726
701	2465	2573
4020	3392	3557
1098	0	4278
3076	0	1958
2835	2571	2752
0	1638	1264
3927	3382	3897
1553	2197	2287
2026	912	1731
4315	3041	3229
2861	0	2674
1575	473	514
3896	3424	3593
2291	4026	1087
2571	1710	1755
2151	0	3505
1577	2937	3133
563	3732	3980
2416	2648	2873
3458	1563	249
3942	3748	4000
3502	536	569
2336	1997	2079
1153	352	374
3358	4071	4343
385	789	848
1119	727	787
1373	31	65
1402	0	2792
1578	0	2854
1888	343	364
15	1062	1186
3825	2830	3052
404	589	625
2660	0	4279
1712	3564	3780
3780	2553	2736
148	753	807
746	1593	1311
1517	2655	2881
545	3791	4067
2839	3279	3457
1787	3229	3411
1282	2383	2432
3637	328	1568
1897	1546	1391
2687	379	405
3879	3323	3489
1862	3252	3436
147	3948	4215
2821	813	912
2117	242	417
2246	0	1482
380	3084	3282
68	2288	2351
629	0	420
3734	0	2275
928	3713	3961
3354	0	4039
4163	2050	2132
3813	2735	2944
443	4048	1553
4283	2721	2930
3569	988	1113
2252	863	967
4114	881	1016
1316	0	2017
3391	588	624
3579	0	1191
1510	3491	3709
2695	463	502
1962	2115	2199
3050	225	312
101	2754	2957
1188	2060	2142
4157	0	1598
2244	2790	3001
1811	1135	1714
2767	4013	4312
1773	875	173
2206	84	124
1349	4012	4311
1194	1127	1722
2092	2206	2301
3117	1009	1134
3160	71	111
2677	3808	4084
3550	841	945
3474	345	366
731	0	3672
569	0	3638
3475	348	369
2081	2956	3509
1115	575	610
455	1143	1709
1530	3421	3590
2729	2466	2574
4338	2584	2820
2351	0	1475
232	1910	2000
2838	3153	3337
2068	3244	3426
3968	0	4205
2352	557	588
4327	0	1513
4074	1928	2023
1665	2303	2364
3175	3254	3439
1236	4114	4391
183	3490	3708
773	0	3402
1133	2543	2726
45	87	127
4071	0	1612
2831	3868	4128
4193	0	3176
3678	0	1978
3652	1114	1740
2818	1894	1986
2035	2361	2402
3912	3573	3789
0	344	365
3528	693	748
1055	3188	3360
2739	0	630
3607	1556	1381
4313	3716	3964
1718	2527	2710
2509	1609	1295
115	3919	4185
2874	217	305
3069	0	2104
1681	1052	1174
293	0	2782
662	0	4382
1861	3568	3784
3071	0	1369
3685	1909	1999
2282	0	2457
3483	0	448
2033	700	756
906	3281	3459
267	710	766
2124	691	746
4002	0	4419
593	3565	3781
416	2587	2823
3190	1019	1144
1554	3413	3582
1182	3044	3232
3807	0	2917
103	1791	1856
4083	0	3030
2504	3256	3441
2409	224	311
2205	2541	2724
4082	481	522
3093	1368	1530
3818	2788	2999
3993	0	4370
2572	689	734
1781	3408	3578
3319	891	1026
1279	1371	1527
1748	2093	2184
3080	1248	1624
396	1981	2066
2556	0	1954
2845	100	140
2308	2451	2557
1805	3058	3256
3492	476	517
3568	984	1109
447	3638	3858
1474	3409	3579
426	3756	4008
1849	0	4045
3580	0	1201
1170	1256	1604
584	3314	3480
2969	1651	1252
1626	0	4266
3790	2595	2831
583	1565	1375
684	2756	2959
1514	3178	3422
4151	2092	2183
2355	615	655
194	3676	3903
1580	0	3891
3294	0	1490
460	0	1331
3081	1668	1245
547	3268	3454
1232	1036	1161
3668	1881	1942
1296	2673	2899
718	1536	1401
4065	685	730
4021	1195	1657
2986	2332	2385
2313	1529	1407
3526	4031	743
3839	1976	3147
3478	370	393
2763	0	57
2079	3059	3257
80	0	2262
2661	173	225
1159	3601	3818
1909	3702	3947
1564	0	3470
1975	803	903
3312	3425	3594
2972	694	749
3309	0	2680
616	2676	2902
847	2345	2397
268	1425	3930
65	0	2459
4277	2073	3684
2143	3335	3502
2050	3171	4371
259	3420	3589
1976	3519	3728
4270	0	2062
429	2039	2128
2126	0	2778
652	4123	4404
3514	599	640
753	2783	2994
390	991	1116
519	0	4258
1901	1484	1448
2655	2061	2143
2075	1423	3928
2149	3902	4169
3313	2367	2408
469	4020	4318
3708	2032	2117
3387	194	245
2595	1506	1423
176	1168	1684
2540	0	4339
3870	3235	3417
316	3332	3499
985	0	3998
497	3183	3355
2454	0	2683
1413	2904	3110
2490	3401	3571
3619	1678	1484
1983	3368	3539
1944	4096	2971
594	1159	1694
4140	595	632
3935	0	3920
2993	4107	4384
1014	2969	3160
2505	2819	3037
315	4005	4301
669	0	3661
467	0	350
1189	1846	1910
1602	1868	3260
4263	0	3866
834	879	1014
1463	2822	2322
1690	77	117
3634	1347	1550
2273	2278	2338
617	0	1496
1327	0	500
3982	0	4297
916	0	4037
3468	0	352
319	0	2970
1842	702	758
2502	0	1927
1943	3985	4248
1324	1767	1833
0	44	78
2628	1218	1635
2303	1169	1683
1733	0	418
2917	4015	4313
1285	2198	2288
1847	1583	1322
2528	2384	2433
1699	1992	2074
2731	1671	1242
3835	2919	3120
1988	1028	1153
1467	1983	2068
3352	657	708
917	0	2231
3985	4018	4316
1617	3233	3415
1073	1762	1828
2882	3931	4197
228	2460	2567
3003	2029	2114
3626	1391	1508
932	3419	3588
3887	3354	3529
3065	2196	2286
2137	3725	3973
368	2159	2239
3940	3735	3983
3423	0	24
697	3544	3757
3713	2068	2151
3775	2528	2711
3748	2324	2376
16	3913	4180
472	1683	1238
3571	1026	1151
1646	730	790
2936	3693	3938
3953	3804	4080
2300	2508	2689
2317	3628	3848
1318	805	905
4256	0	3473
1190	0	2787
76	0	147
1801	440	479
1783	0	3057
3833	2882	3096
1094	2130	2215
3707	2031	2116
510	2055	2137
2808	3333	3500
730	0	1359
968	1268	1597
3	2438	2491
1273	2932	3131
4141	2971	3162
1700	2275	2335
117	583	619
2266	1424	3929
3595	1619	1285
2444	2777	2988
2374	0	1976
3933	3685	3916
4317	2784	2995
238	2583	2819
1688	1301	1588
2403	1939	2034
3534	716	774
2716	3094	3292
2822	930	3697
201	1840	1904
4153	317	3567
341	0	2460
2082	65	107
2857	3067	3267
1230	3219	3393
2924	0	30
3844	3007	3198
4268	0	738
4212	0	1008
4329	2556	2903
1075	0	162
1963	2878	322
4059	3701	3946
589	0	1449
3909	3535	3748
1655	3502	3719
1315	1528	1408
1647	0	2686
1308	849	953
3315	807	907
3575	0	1176
4201	0	4491
966	735	794
401	339	361
827	2291	2354
2645	3407	3577
132	374	397
1992	2728	2937
1347	1220	1633
2457	0	1336
3195	0	1205
1362	3684	3915
3042	584	620
2134	3918	4184
3547	0	940
2630	723	783
3136	812	911
2640	4125	4406
1703	3372	3544
1141	546	577
1723	1198	1654
331	3874	4134
1732	2525	2708
4310	397	433
2418	0	1276
2189	1616	1288
1430	3965	4233
1830	2441	2547
1329	3604	3821
1833	0	3907
2555	2905	3111
2964	1259	1602
3660	1779	1845
3019	547	578
2589	74	114
4094	2997	3188
3664	1824	1888
2933	439	478
1151	1042	1167
3739	2260	2319
4081	0	2840
2223	0	296
1252	822	927
3497	492	536
2395	0	3421
165	179	231
106	2280	2340
726	3806	4082
1635	3518	3727
0	3645	3869
796	0	4047
3102	3657	3881
3606	0	1365
2166	3592	3809
1367	2774	2984
2762	3993	4287
463	1723	1768
789	1566	1374
2345	1984	2069
2109	3006	3197
3240	2207	2302
3687	1915	2005
72	3737	3985
2077	2016	2094
609	2545	2728
2753	3021	3212
567	4090	4361
398	8	7
830	0	3506
320	791	850
3043	1421	3926
3847	3029	3215
1923	1015	1139
3884	3344	3518
2725	28	49
2614	3768	4019
1039	0	2770
2869	1012	1137
2144	1764	1830
3480	384	410
3675	0	1960
264	2978	3170
3725	2138	2223
3642	1251	1621
83	3660	3886
1657	2182	3636
282	51	90
3107	1131	1718
3838	0	3137
495	983	1108
1353	3412	3581
1390	2166	2247
936	2222	2310
1339	1010	1135
911	3389	0
663	3541	3754
823	1020	1145
1707	1509	1420
648	3553	3766
1487	3736	3984
1839	0	1618
3643	1230	1631
737	3	3
2455	2572	2753
272	2049	2131
483	0	827
4196	3086	3284
2544	2933	3132
2699	1270	1595
1544	3678	637
2225	79	119
4044	3927	4193
1154	2249	2317
2486	2330	2382
1364	0	2257
1774	1797	1861
1013	936	1067
3419	0	14
3635	1346	1551
2615	0	1543
1426	0	1962
599	0	761
322	2765	2967
923	2594	2830
2182	687	732
1056	3052	3250
3702	2011	2089
3152	2235	3673
1638	2678	2905
2384	41	75
3300	1433	1467
2902	549	580
3981	3998	4292
3895	3414	3583
3773	0	2681
1948	3050	3248
3149	3582	3796
1706	24	45
3165	0	1064
6	3251	3435
323	0	321
2125	654	692
2448	754	808
2943	1880	1941
888	0	3663
2730	3352	3527
1254	0	3020
950	0	4228
1369	93	133
3934	0	3919
3948	0	4042
391	29	51
2361	0	160
3536	742	797
3381	0	4257
3888	0	3541
3564	963	1088
844	3662	3888
2370	3728	3976
432	3698	3943
2574	2274	2334
2362	0	2484
281	1515	1413
3146	0	3140
601	3631	3850
958	4070	4342
366	2193	2283
1572	390	423
752	1627	1274
1011	2145	2230
3754	0	2425
124	2650	2875
3983	0	4298
2722	0	2809
2074	1166	1686
1089	0	4123
858	0	1063
3570	1021	1146
175	0	2786
1968	3045	3242
3538	763	818
185	1388	1510
2059	453	490
2208	359	381
3772	0	2677
74	310	2106
3718	2146	2204
2	561	592
590	246	3404
3100	610	651
2138	766	821
1051	853	957
2978	4076	4147
1919	3543	3756
641	2578	2813
190	19	40
1374	0	921
1531	0	2482
3784	0	2756
2883	0	1800
2830	0	1435
464	122	171
3704	2021	2100
1290	0	4335
1004	1341	1566
2538	2287	2350
2804	3603	3820
3022	2550	2733
3410	3318	3484
4186	0	3884
2890	767	822
3617	1429	1469
1808	1902	1995
1023	1879	671
2878	1158	1695
3737	520	2311
1797	2302	2361
2492	3683	3914
2960	997	1122
2832	1859	1922
3855	3061	3259
2260	1167	1685
3957	3829	4117
0	7	6
1695	89	129
2359	1499	1429
1615	1160	1693
1561	0	2682
4133	139	184
810	0	3865
3519	606	647
2348	1603	1301
311	2436	2489
3194	0	2010
4275	0	2760
3590	1648	1255
3980	0	4269
815	1601	1303
1048	2724	2933
411	3588	3806
2494	2829	3051
2323	0	1327
3853	2879	3238
2265	1929	2024
832	1048	1172
513	2132	2217
2723	2181	2267
3746	2297	2356
902	3313	3479
479	2013	2091
2227	393	429
3767	0	2572
1878	2745	2953
1662	376	402
4148	2447	2553
1745	3793	4069
1532	787	846
3230	2970	3161
3171	1645	1257
1427	573	608
1466	3069	3269
3866	2120	3382
3783	2564	2745
3145	3652	3876
912	3556	3771
2160	0	2192
751	1553	1384
3339	0	1617
666	3517	3726
4247	0	2807
527	2402	2456
1392	1684	1237
24	3709	3958
1187	1189	1662
4024	0	2515
2401	2922	3122
3159	759	815
3024	613	653
1287	2024	2109
2820	3597	3814
3821	0	3021
3651	1116	1738
2453	2479	2587
1884	116	165
4183	3334	3501
865	3595	3812
1265	0	830
921	4133	4414
2020	1907	1997
4281	1858	1921
516	3719	3967
1167	809	909
632	2667	2893
2999	3155	3339
3365	0	1611
3428	0	62
2855	360	382
922	2306	2367
2644	104	144
1739	0	320
2270	570	605
1803	2975	3167
2995	1973	2065
1086	3795	4071
2316	0	3063
55	2824	3045
893	0	4107
2365	1927	2022
3346	0	3607
538	2938	3134
883	386	412
2288	1442	1459
1716	1426	3931
914	1435	1465
1938	2289	2352
286	3246	3428
3811	0	2941
2976	2343	2395
2675	1219	1634
861	2569	2750
534	0	2198
3021	2686	3629
1250	3451	3635
38	2083	2175
2940	3788	4064
3800	0	2879
3921	0	3863
2674	3066	3266
786	3651	3875
1212	0	1058
2340	552	583
3533	715	773
4222	1798	1862
1702	469	508
3852	3034	3222
1478	197	248
3399	0	750
1046	3846	1081
2779	0	3552
1885	2812	3028
4305	1629	1272
631	1792	1857
2604	748	803
2447	3542	3755
1244	830	935
1465	838	942
157	304	357
1173	2346	2398
3070	1192	1660
3726	2139	2224
4326	1380	1522
3905	0	3706
1162	0	1672
3494	480	521
3448	147	192
2105	0	4152
1936	61	103
801	3721	3969
1423	3436	3606
2646	3200	3372
1053	2270	2330
4323	1736	1782
2422	2294	2480
4050	0	1474
2187	3777	4030
2466	4116	4393
575	0	1214
4055	3648	3872
636	1946	2041
350	670	718
2275	1639	1263
489	3255	3440
2044	3524	3737
1784	1054	1177
3697	0	2058
2926	0	59
1824	0	920
2472	3650	3874
767	48	87
2108	169	221
518	106	146
37	3675	3902
71	0	2123
249	417	454
1761	1542	1395
1612	488	531
739	3015	3206
1991	2040	2129
4128	0	1616
178	0	1682
2177	3953	4220
613	1379	1523
2104	3655	3879
957	1597	1307
1123	1980	3139
3172	0	3639
3218	1550	1387
1825	1139	1710
314	2301	2360
2186	3291	3468
4031	1685	1236
991	0	737
3695	1955	2050
2637	0	3650
3965	3901	4168
3850	3031	3219
833	0	28
1957	1926	2021
2261	1747	1813
257	0	736
1021	2405	3009
2785	1156	1697
1831	2957	3149
2450	1760	1826
3110	1725	1770
1333	3245	3427
193	910	1729
3743	2284	2345
1640	3186	3358
2616	0	1043
3785	0	2758
973	2753	2956
3322	0	1984
3711	2038	2127
2458	792	851
983	0	3955
3757	0	2436
252	3695	3940
678	3674	3901
3258	3363	3534
2057	128	180
3798	2636	2862
2121	2320	2372
1834	2994	0
3187	0	3670
1821	164	216
4089	3484	3701
221	90	130
2284	3487	3703
4048	1494	1438
920	1608	1296
849	0	4256
50	0	2458
2583	0	3008
2116	3221	3397
4195	3375	3547
634	2389	2442
2988	0	2911
2786	1049	1173
3232	3547	3760
3877	3173	3472
356	456	493
2757	3671	3898
3939	3734	3982
1698	2987	3179
1659	2205	2300
2712	3586	3804
2289	1132	1717
1539	2209	200
955	2682	2909
536	2951	4369
3647	1136	1713
100	0	4250
3805	1990	2915
1459	1776	1842
158	0	416
2653	967	1092
2816	54	93
3347	0	3608
3572	1035	1160
36	2831	3053
3593	0	1278
2247	0	4260
2596	0	3138
3828	2850	3071
2172	1855	1918
1867	1297	1416
3923	0	3867
3143	1561	1377
4341	0	428
345	411	447
1669	1903	1996
529	1644	1258
2536	568	603
2776	160	212
702	3773	4024
421	3529	3742
838	3116	3314
3496	0	527
4308	802	902
2304	2430	2481
2467	50	89
671	3606	3824
868	280	549
244	0	2757
3038	2875	3093
2011	2290	2353
203	836	938
680	0	813
3405	0	4253
3337	701	757
2581	3400	3570
2588	3428	3597
2694	855	959
501	0	3730
46	2195	2285
1303	3966	4234
3463	0	295
369	4045	1556
2034	0	3549
3588	1653	1250
717	1217	1636
1169	3167	3351
1377	1872	1932
3485	0	486
1276	1503	1426
626	1386	1512
1143	0	2759
1251	3417	3586
1237	3005	3196
2894	622	663
2952	1138	1711
3802	2666	2892
3542	779	838
3267	0	2973
816	3602	3819
4064	3664	3890
3656	1728	1773
437	466	505
363	2654	2880
1675	0	155
1860	479	520
1625	115	164
1138	1025	1150
2356	162	214
2178	0	1207
2017	322	1060
3113	2804	1483
3979	0	4268
2010	0	1946
2598	153	205
1993	192	243
3488	0	499
370	2597	2833
3308	0	4303
1286	2401	2455
918	2204	2299
1903	3146	3329
3584	1694	1227
2562	0	2258
715	3423	3592
1144	1029	1154
2879	198	250
236	3367	3538
3741	2272	2332
2309	2325	2377
1001	353	375
308	1099	1753
2030	2633	2859
2702	146	191
1259	30	63
3481	0	421
3204	2476	2582
1907	1805	1868
2421	0	2513
954	3035	3223
4316	2856	3077
2321	0	1963
2216	0	1206
2299	2121	2206
1410	1851	1915
1240	954	1080
436	545	576
3926	3653	3877
996	1724	1769
1317	175	227
3699	1987	2071
927	3755	4007
2965	1734	1780
4006	4042	1559
1059	1183	1668
1255	474	515
728	1401	1540
2157	468	507
2331	0	1952
1018	446	485
3674	0	1951
2766	1988	2072
657	2623	2849
1767	0	34
1431	0	2167
292	684	729
2170	1203	1651
2746	0	3142
2072	1361	415
1479	0	2018
2210	0	2783
1912	4067	4338
1455	3397	3564
771	3614	3832
3464	211	303
1812	129	181
2110	0	1479
192	3516	3725
43	207	300
1438	1007	1132
2008	1913	2003
2332	455	492
1074	0	3664
2587	656	707
2060	6	5
1272	501	1038
2844	3872	4132
1137	0	4276
2048	854	958
1195	1215	1641
2493	2547	2730
3079	2183	2268
762	2279	2339
1566	2225	545
1128	527	0
1621	2186	2271
1341	1053	1175
2553	1334	1581
1714	631	675
3457	196	247
2469	0	3420
2737	457	494
3336	4102	4377
2312	3211	3383
2112	3004	3195
2682	62	104
4030	3615	3833
1330	1766	1832
1810	2549	2732
1122	2472	2578
3745	2292	2355
1298	1194	1658
2276	123	172
1082	3080	3278
2519	0	3933
1687	1825	1889
3138	4118	4395
17	0	1955
790	0	1332
3742	2273	2333
1726	2221	2309
14	35	69
4087	0	2739
3758	0	2437
1710	1626	1275
2920	0	2761
3782	2561	2742
3720	2124	2209
372	4115	4392
3535	725	785
2167	168	220
2535	1575	1989
1178	0	617
2387	0	1192
512	2019	2097
1667	2187	2272
3761	2390	2444
713	3609	3827
532	0	1212
2435	201	253
3996	4105	4381
2176	0	1574
1840	0	3396
1422	0	2766
2438	2424	2472
846	108	150
2873	212	304
494	1686	1234
2650	2581	2810
2840	3687	3934
2678	696	752
127	3607	3825
3911	3569	0
3340	2939	3135
1370	3317	3483
579	3503	3720
1639	382	408
3259	3726	3974
3561	0	1061
415	3947	4214
355	2857	3078
1371	562	593
3793	0	2845
1882	3911	4178
1400	1260	1601
231	712	768
1548	0	1328
1660	3686	3917
471	619	660
2513	2944	3148
3541	775	835
1047	1985	2070
2315	4017	4315
3157	698	754
241	3249	3433
1994	3194	3366
835	690	745
1562	2764	2966
1743	0	328
1406	2577	2814
2520	1209	1645
206	0	1368
1881	761	816
3527	0	744
2863	2586	2822
3804	2681	2908
1606	250	3405
1786	4099	4374
2038	3969	4237
4080	2640	2866
946	2950	3640
3417	0	4144
3971	3946	4213
642	199	251
2218	0	330
712	0	4368
1515	0	163
1769	843	947
234	1614	1290
811	964	1089
34	852	956
451	907	1726
740	2695	2927
4174	0	1003
1292	98	138
4257	0	810
604	2461	2568
884	1006	1131
2214	2836	3061
67	609	650
3605	0	1351
1782	652	690
237	0	333
1542	40	74
1777	3692	3937
2721	3289	3465
622	1765	1831
246	2445	2551
3510	0	599
1030	2035	2120
3506	553	584
2907	2008	2086
2173	1587	1318
3943	3749	4001
1965	1598	1306
1947	671	3655
3615	1449	1453
1506	2751	2954
2529	2109	2193
3408	1637	1265
2775	1782	1846
2305	0	3492
1541	1602	1302
1526	0	4341
937	3515	3724
1609	0	4187
2806	867	1576
1696	0	1949
2064	1772	1838
1766	0	2009
1674	798	860
59	1778	1844
4258	0	1140
1969	0	1356
3216	666	714
1397	3880	4140
2701	1821	1885
1142	1942	2037
3274	2887	3101
3318	204	256
782	2078	3689
1629	795	857
81	799	861
3078	3936	4202
417	0	2916
2142	4103	4378
2298	2459	2566
1904	746	801
4191	0	3637
550	0	1793
1900	3641	419
85	1178	1675
97	0	2974
1913	0	4156
3913	3575	3791
3451	2213	196
537	2056	2138
3950	3783	4061
1795	202	254
2837	3589	3807
1446	607	648
745	163	215
2354	655	693
3873	3243	3425
2501	1513	1417
1092	0	4479
2307	0	1571
274	3145	3328
220	786	845
1756	0	298
2867	2773	2983
1146	0	370
1225	2826	3047
722	1111	1743
878	686	731
3663	1822	1886
1604	3811	4086
699	4121	4398
2097	2025	2110
3158	0	826
2146	2400	2454
22	1022	1147
428	1968	2057
2704	3204	3376
3727	2140	2225
2945	1849	1913
1325	744	799
688	1252	1620
819	2772	2982
2794	4138	4426
4103	2954	2918
3530	0	762
4116	0	2347
1376	2006	2084
1853	2434	2487
4072	1206	1648
698	165	217
695	3011	3202
578	3345	3519
1905	3644	3868
2518	1827	1891
2185	0	1953
3817	2787	2998
2563	11	10
1650	2723	2932
3920	0	3862
2328	797	859
4033	2435	2488
2159	1751	1817
1334	3174	3474
514	0	2103
1464	2647	2872
4273	878	27
1868	2010	2088
2733	2344	2396
3178	3859	3921
0	464	503
3184	1175	1678
3863	3184	3356
1631	0	20
1007	3248	3432
2281	2785	2996
113	2604	2841
3915	3581	3795
3686	1912	2002
125	3018	3209
4096	0	3233
2047	141	186
3167	0	1011
3650	1118	1736
2028	58	100
2633	3546	3759
1328	2184	2269
4139	483	524
2923	0	3605
4052	600	641
1558	4054	1085
1832	3587	3805
3378	1489	1443
3673	0	1950
2197	539	570
1331	1153	1700
195	1841	1905
1788	1287	2534
2922	0	325
721	2793	3004
1461	3234	3416
1284	0	2962
926	721	779
2042	2671	2897
2912	819	924
2310	2778	2989
1239	1876	4330
1411	1381	1521
349	364	386
879	0	3082
1311	1612	1292
4162	603	643
1234	3113	3311
285	190	241
1520	0	4044
2691	0	1002
4236	2364	2405
2181	2903	3109
2508	0	3511
3614	1450	1452
2086	0	2764
296	0	2987
275	2084	2176
1183	0	2059
1623	2326	2378
2389	1046	1170
523	3485	3702
3654	1100	1752
4228	2450	2556
4066	1008	1133
1636	2589	2825
3250	931	3696
3882	3339	3513
4243	0	3904
2514	3760	4012
402	679	724
2390	3681	3912
2295	2023	2108
1932	2679	2906
1346	3418	3587
4304	0	1337
3998	3025	4401
1267	1154	1699
2036	3376	3548
654	3618	3836
3931	3679	3909
3418	0	1004
182	857	961
3001	2670	2896
1275	0	3561
3549	840	944
975	0	3634
128	1389	1509
2479	3443	3614
3972	3954	4221
2860	1713	1758
1985	4110	4387
29	0	3734
2814	2618	2846
326	831	3631
967	2164	2244
3712	2065	2147
1890	2854	3075
1036	1738	1784
2259	4001	1615
387	2513	2694
3669	1882	1943
3969	3939	4206
3941	3742	3991
3959	3834	4121
1641	873	22
2471	0	4109
1813	0	1352
294	0	919
1536	154	206
1301	0	1577
934	0	52
3144	3198	3370
3068	1538	1399
3445	0	175
3666	1862	1925
1384	699	755
2199	0	4104
2094	1497	1431
2478	2437	2490
3020	3828	4116
3672	0	1947
4306	1004	1129
2777	4135	4416
2724	1382	1520
2368	731	791
1016	3776	4027
1451	2923	3123
3822	0	3029
909	3757	4009
3397	63	105
1222	0	2785
1744	1816	1876
2211	2185	2270
162	3032	3220
2515	3071	3272
2287	1745	1791
1552	1994	2076
3013	357	379
1484	121	170
161	0	1083
3210	1059	1183
4170	0	1436
800	608	649
290	0	3081
3525	0	742
3482	409	445
2931	1064	1189
2663	2034	2119
4003	135	4422
3041	1544	1393
3676	0	1965
32	0	1358
3999	3028	4402
1828	0	4424
1012	2576	2802
588	2603	2839
1202	3938	4204
3005	0	3012
990	0	1967
3098	3265	3451
4042	0	1042
3256	1870	1211
2975	4140	4428
2220	1438	1463
1019	2912	3113
503	713	769
2897	0	2685
1414	3257	3442
945	3431	3600
433	454	491
2605	1369	1529
3094	0	2963
560	638	681
1219	55	94
3867	3212	3384
3633	1349	1548
384	844	948
554	2453	2559
3247	2170	2251
431	577	612
894	0	2443
1148	970	1095
2732	0	3240
481	2191	2281
3414	2442	2548
1398	1819	1882
2576	459	496
3907	3506	3723
2018	2091	2182
309	428	466
1319	2179	2266
1927	898	1033
3122	490	534
3974	3964	4232
2573	861	965
1231	722	780
2706	1823	1887
1845	3185	3357
910	2194	2284
3641	0	1606
750	2729	2938
1037	4104	4379
205	4073	4345
2707	745	800
3586	1672	1241
1742	0	2102
1551	1866	1051
1844	0	4143
1741	993	1118
1549	3869	4129
3040	1558	1379
170	3952	4219
3116	594	631
1027	3714	3962
329	1631	1270
2578	2305	2366
2041	796	858
2491	2858	3083
0	276	2670
406	1953	2048
787	2828	3050
306	1750	1816
812	585	621
2155	4132	4413
1880	3661	3887
573	2744	2952
2793	1001	1126
4282	2888	3102
1653	3343	3517
1200	1231	1630
1529	0	3894
1595	3019	3210
1497	2240	1338
3331	0	2794
758	2429	2478
2864	2843	3065
1382	3017	3208
1395	0	336
1409	1164	1689
668	829	934
3057	193	244
1584	1179	1673
496	1034	1159
854	1836	1009
2603	3961	4229
769	3038	3225
872	0	501
1990	996	1121
1132	3002	3193
3416	3941	4208
2465	1148	1705
226	0	2438
1770	0	3950
1355	0	4337
2459	2096	2187
2780	653	691
3763	0	2461
972	0	4094
1442	2752	2955
2858	438	477
3091	529	0
738	3157	3341
929	904	1041
154	3974	4241
2377	1539	1398
2278	1789	1854
1601	0	3241
1899	2246	2921
1057	2642	2868
943	0	1434
1814	3435	3604
524	1133	1716
121	2178	2265
1038	2081	2173
167	0	1366
1448	773	833
974	0	4277
1297	0	1959
3135	1061	1185
3662	0	1871
2590	2072	2170
75	1753	1819
1247	1027	1152
375	402	438
263	3374	3546
552	3633	3853
1368	934	3693
1041	301	354
2229	3730	3978
2280	2685	3626
2373	2368	2409
1172	1569	1371
2209	3262	3447
941	0	319
650	2580	2811
243	949	1076
2179	342	363
445	2989	3181
1796	494	538
4108	0	1439
1608	3629	3849
548	395	431
637	1040	1165
2296	2079	3690
1499	3712	3960
757	2585	2821
2719	559	590
3638	0	1575
0	757	811
1090	1704	1218
492	2880	3237
2499	2566	2747
2880	2852	3073
318	1852	1916
204	1162	1691
225	1190	1661
2343	458	495
3139	825	930
1793	1757	1823
266	4124	4405
1340	3119	3317
3404	3782	4060
3500	533	564
1727	1117	1737
582	0	1334
134	3440	3611
3182	776	836
1193	1632	1269
4251	0	781
1573	2366	2407
2984	0	4054
2118	3599	3816
2207	152	204
1929	0	1802
2989	99	139
420	3095	3293
3946	0	4038
2994	2877	3095
2824	893	1028
3176	3531	3744
639	1495	1437
1381	0	306
2621	2873	3091
3266	0	1221
2914	593	629
2257	1537	1400
2003	0	97
3207	2963	3154
997	2381	2430
4269	0	4145
3393	0	1973
2404	1555	1382
741	0	391
1379	4043	1558
3930	3677	3908
3816	0	2964
3061	0	2584
3330	2866	3086
723	3962	4230
2027	2080	3691
2006	2128	2213
3257	0	2765
2798	436	475
3162	0	541
1999	0	1070
3958	3832	4119
1838	2168	2249
1937	0	1478
3944	3751	4003
438	3600	3817
814	3752	4004
2147	3758	4010
2342	369	392
544	4112	4389
1701	1541	1396
3461	0	292
1117	995	1120
2213	3654	3878
1475	3798	4074
2350	1576	1990
2803	3312	3478
1966	3148	3331
2078	0	4173
4177	0	2528
493	0	1605
4314	3438	3609
4000	3024	4403
2564	1911	2001
2906	1869	3261
1026	3118	3316
2188	1914	2004
4085	0	2150
146	1332	1583
2740	2592	2828
199	2846	3067
353	3827	4115
287	0	1345
1342	1768	1834
2353	2017	2095
683	1348	1549
1851	3434	3603
1326	177	229
940	3622	3842
2039	2960	3152
646	4002	1614
829	1712	1757
1388	1799	1863
1804	3688	3935
3861	3161	3345
3028	1193	1659
2463	940	1074
2122	0	978
23	1562	1376
1643	3259	3444
2748	1202	1652
3115	2478	2585
347	0	566
592	3393	3558
2202	0	1957
3303	579	614
3987	0	4333
0	4089	4358
1911	0	4399
4209	1350	2509
373	0	1516
2743	2781	2992
948	9	8
2652	1016	1141
3174	3504	3721
3009	389	422
82	2739	2948
3883	3340	3514
4217	1293	1007
951	1719	1763
2168	0	1208
77	1783	1847
324	2849	3070
1483	0	1956
2285	1128	1721
736	2057	2139
3627	0	1524
813	210	302
2885	1952	2047
2983	596	633
2895	0	2816
3509	0	598
142	3009	3200
3854	3056	3254
3215	399	435
44	0	4456
1418	3213	3385
3434	69	109
3581	0	1213
3608	1534	1403
3429	34	68
571	2347	2399
8	2443	2549
1452	3461	3660
2649	2053	2136
1632	985	1110
2591	3610	3828
413	1533	1404
2099	3163	3347
568	2448	2554
2781	3891	4158
2570	0	658
610	1488	1444
2419	1266	1599
1680	886	1021
2710	986	1111
682	1826	1890
817	3269	3455
4126	908	1727
2139	105	145
2543	2779	2990
159	563	594
794	2537	2720
1870	2188	2273
2084	1775	1841
248	2333	2386
379	0	2961
240	3151	3334
1380	3160	3344
768	3903	4170
2629	3082	3280
2664	195	246
2436	2775	2985
1619	2208	2303
4274	0	2169
3104	1727	1772
2522	2203	2298
130	3196	3368
4078	2664	2890
716	2176	2263
3026	423	461
2496	2555	2738
4056	3626	3846
1468	2961	3153
3177	640	683
3200	2018	2096
4318	0	2920
1758	0	1197
2859	880	1015
581	0	2673
2711	1817	1880
2464	3081	3279
4197	525	0
1505	3010	3201
305	0	3013
3747	2298	2357
122	2473	2579
1336	2544	2727
1491	781	840
866	1669	1244
1582	992	1117
970	0	1348
520	2158	2238
2526	2214	194
2772	185	238
1713	2177	2264
3809	2719	2928
1738	418	455
1704	3385	3555
1416	0	1217
2765	1615	1289
3058	3740	3989
1589	1770	1836
1314	2669	2895
1945	3624	3844
1670	0	1869
875	2635	2861
2990	3920	4186
2669	486	529
222	0	1980
2433	0	782
453	3467	3676
0	3665	3892
1428	166	218
500	3987	4270
1228	10	9
3186	0	1357
1931	632	676
2693	1941	2036
2366	0	1562
92	3008	3199
530	3971	4238
1171	2562	2743
2156	1109	1745
2475	0	16
1519	0	61
898	860	964
694	1630	1271
299	4100	4375
2792	3003	3194
2672	3570	3786
2224	0	735
1822	1177	1676
3573	1037	1162
3095	0	3895
2277	355	377
3875	3266	3452
3618	0	1470
3431	45	84
908	277	552
3565	965	1090
506	3815	4093
1095	3613	3831
3255	1623	1282
939	2531	2713
3714	2074	3685
2547	3107	3305
392	433	472
2979	0	1637
473	383	409
919	1352	1546
2407	1039	1164
2549	326	4029
1150	0	4423
3316	2126	2211
976	2157	2237
4125	876	25
2067	0	4340
1528	120	169
136	0	3522
2891	571	606
4011	2485	2641
2123	1871	1202
163	3980	4247
1645	0	21
1523	489	532
2065	0	4049
3670	1883	1944
2539	0	3007
2183	3193	3365
935	0	596
2004	0	1001
1730	1417	176
628	975	1100
2445	2725	2934
3051	3078	3276
1223	1336	1580
3446	142	187
2358	629	673
2045	4019	4317
186	0	329
2632	2534	2717
3064	3526	3739
2751	683	728
339	3232	3414
1771	0	3508
1887	1995	2077
971	0	2671
278	3104	3302
477	1367	1531
1886	0	335
4221	4062	4420
3281	0	4483
2742	1017	1142
2016	2968	3159
2887	1447	1456
3869	0	3400
714	1345	1552
2393	0	2922
2800	943	1053
2236	1925	2020
2427	1462	1807
645	3700	3945
4143	0	2082
706	888	1023
1964	500	1037
2641	2428	2477
3188	0	1194
2987	800	862
1590	749	804
2161	1261	1600
2228	0	2800
4261	0	3042
2575	1180	1671
1008	3801	4078
1852	3189	3361
2532	0	3906
825	892	1027
4311	377	403
3141	877	3512
3966	3907	4175
4016	0	533
1031	2171	2252
1925	0	2293
2833	2468	2575
69	1771	1837
3371	3625	3845
1644	3634	3855
1263	2162	2242
1550	526	0
1953	2771	2981
3364	1691	1230
3815	2741	2950
108	2964	3155
255	717	775
1383	493	537
964	2395	2449
965	2690	2781
2100	1813	1873
1637	1809	1870
2527	0	1968
3355	3682	3913
352	3085	3283
301	482	523
621	2902	3108
729	2886	3100
1736	0	4280
3287	2517	2698
2916	4061	26
764	484	525
307	747	802
2070	2967	3158
254	1250	1622
707	2087	2179
913	3037	3224
1215	2283	2343
1288	4131	4412
3776	2540	2723
2148	3102	3300
0	3218	3392
119	26	47
1875	1552	1385
3716	2088	2180
3984	4007	4305
2497	3366	3537
0	1104	1750
408	2542	2725
2363	1181	1670
2934	2212	197
2790	3616	3834
41	94	134
1054	2823	3041
2865	0	3058
452	1795	1859
1433	47	86
209	0	678
3133	431	470
710	823	928
546	3057	3255
3101	1739	1785
1496	0	4295
2801	2215	2304
777	2190	2280
1295	0	2772
3046	2946	3641
2910	2399	2453
3108	2484	2592
2659	391	424
1393	3014	3205
2827	3743	3992
3871	3236	3418
18	2815	3033
1243	0	3523
235	718	776
56	3794	4070
2130	3754	4006
1389	2304	2365
963	1895	1987
1679	172	224
1435	788	847
2415	598	639
466	137	182
2029	1945	2040
864	0	3019
2127	3399	3566
2066	0	1071
1858	2327	2379
3591	1647	1256
2089	203	255
1753	1860	1923
4171	0	4304
1513	3135	3320
2480	2348	2400
1104	3083	3281
2735	3427	3596
1989	3697	3942
2437	2076	3687
10	3402	3572
1649	2665	2891
2690	0	3654
3349	465	504
2854	2588	2824
784	0	294
1192	793	852
1241	752	806
3407	2816	3034
2681	2991	3183
3995	4101	4376
1322	2144	2229
484	2567	2748
2836	1613	1291
422	422	460
1722	591	627
891	3062	3262
4009	2559	2740
3226	1157	1696
3245	966	1091
3052	1105	1749
3532	708	764
1951	3205	3377
1179	0	3319
2852	0	1933
2360	0	343
1581	0	1346
562	445	484
3578	1063	1187
2656	3140	3323
3621	0	1489
1266	0	334
1898	2082	2174
1357	2440	2546
3016	3596	3813
456	3997	4291
3899	0	3632
1025	897	1032
3073	222	308
3193	1938	2033
1891	3370	3542
2812	3483	0
2434	3527	3740
1725	3951	4218
1161	78	118
233	1978	3144
1996	4134	4415
3151	2687	3628
2014	412	449
4045	3896	4163
2953	3046	3243
3047	0	1972
665	4072	4344
2212	0	2969
1876	3761	4013
3130	0	2912
328	2172	2253
1485	1773	1839
1040	3534	3747
2697	140	185
3134	3455	3656
394	0	3055
407	1845	1909
1689	0	969
403	627	672
3849	3030	3218
2001	890	1025
4053	614	654
3916	3594	3811
1264	720	778
2267	3924	4190
2849	0	1200
1372	1547	1390
1168	2519	2700
3700	2005	2083
2053	124	177
1003	3819	4103
1453	2949	4367
1337	3369	3540
173	0	4380
658	174	226
1307	452	489
0	76	116
3392	0	1974
485	354	376
1768	971	1096
4097	3989	4284
1257	378	404
1420	3341	3515
135	1843	1907
4176	0	2526
1149	1948	2043
1711	972	1097
2242	3433	3602
3655	1726	1771
2262	0	1350
1565	2004	2081
949	2965	3156
321	2982	3174
3147	0	2788
3479	380	406
3994	4098	4373
191	2165	2245
1216	2514	2695
1873	0	1982
952	0	2796
138	27	48
1819	2632	2858
3163	4010	4308
1348	4003	4300
4343	0	1000
1258	0	1055
3205	2483	2591
630	4108	4385
3170	3850	4124
1006	103	143
1585	0	2795
1403	0	2763
2489	1366	1532
3452	2210	199
2634	3862	4125
2534	4109	4386
486	0	31
2935	0	29
1693	3533	3746
4062	3192	3364
556	2653	2878
841	3287	3463
672	1532	1405
3390	2299	2358
1391	4044	1557
3327	0	4336
1306	3656	3880
2802	3959	4227
3558	895	1030
1915	1439	1462
754	187	0
3420	0	17
2233	3767	4018
2560	0	99
2932	2127	2212
818	3091	3289
376	1803	1866
804	565	600
2921	3476	3680
1926	3040	3228
389	0	995
476	3689	3936
0	1082	2604
4152	2899	3882
2510	1296	1593
468	1395	1504
992	2300	2359
4249	0	4090
2052	2762	2261
2554	2452	2558
1895	2851	3072
2698	3404	3574
1527	0	1579
3030	2536	2719
742	2726	2935
2394	0	528
2937	2825	3046
1856	0	4366
603	999	1124
3185	0	1584
2516	3741	3990
2756	3934	4200
1872	3242	3424
381	680	725
653	1657	2704
3585	1682	1239
3756	2386	2435
2371	451	488
2970	968	1093
2101	2646	2871
673	0	3642
2901	3100	3298
1458	554	585
820	0	831
892	0	1560
5	4006	4302
2939	3522	3735
3228	0	2063
351	264	1674
1587	3539	3752
1697	1548	1389
1794	381	407
2022	1002	1127
1457	1591	1313
3604	0	1349
3191	3477	3681
48	2776	2986
2417	678	723
12	2560	2741
3372	0	4023
978	1107	1930
686	0	2960
1986	726	786
793	3812	4087
770	0	4108
1668	1833	1898
3213	899	1034
2718	0	2790
265	567	602
3056	1161	1692
3225	0	1570
851	33	67
26	3089	3287
2153	3112	3310
4322	0	2687
1607	1300	1589
2823	191	242
1757	0	299
2784	3275	3456
1705	0	324
755	1777	1843
2896	1557	1380
1855	1867	1052
2683	3156	3340
480	0	1476
656	1176	1677
2271	3786	4063
2843	3956	4224
2428	2518	2699
1271	3940	4207
525	0	310
3332	0	1340
3601	1584	1321
3006	2523	2706
2399	2979	3171
822	1830	1895
1477	3191	3363
839	3937	4203
649	3910	4177
2797	408	444
3121	3042	3230
129	2022	2107
1302	186	239
2807	1003	1128
3223	0	923
1894	969	1094
172	2959	3151
3289	909	1728
3039	1847	1911
1022	0	2815
627	2649	2874
2051	181	234
0	1470	2164
4104	0	1542
271	1440	1461
2954	12	11
1874	2268	2328
2495	2663	2889
3383	0	1514
3411	3199	3371
2689	0	2624
2076	0	2923
2884	1786	1851
1751	2916	3117
1460	0	1901
1105	1693	1228
1620	2842	3064
1724	1446	1457
2369	0	1795
2140	0	3043
2203	419	456
1883	3039	3227
1522	783	842
1750	688	733
2376	3096	3294
2087	2913	3114
1020	1085	1794
780	663	711
3379	4000	1491
189	3105	3303
1493	0	3044
845	2397	2451
3587	1663	1249
1859	0	1077
897	3593	3810
2000	0	2121
465	1137	1712
1735	3253	3437
797	158	210
2292	4069	3018
3932	0	3910
2145	581	616
2783	432	471
2819	3967	4235
2622	0	3802
877	425	463
1694	1790	1855
214	2734	2943
1424	126	179
3275	2918	3119
2870	0	1364
1396	49	88
1076	0	1363
1443	2449	2555
2841	3093	3291
2429	0	2290
4299	0	80
140	3996	4290
3342	2600	2836
2607	0	1059
959	0	1360
2881	0	4272
2286	2433	2486
359	3530	3743
1359	1033	1158
3567	981	1106
744	3141	3324
365	0	2292
2977	3144	3327
961	2920	3121
3008	3739	3988
338	2607	2844
1253	2135	2220
1010	1589	1316
962	114	159
2255	1848	1912
2297	1432	1468
1407	3109	3307
783	3092	3290
3361	0	2536
1260	2568	2749
3212	1084	1065
633	1831	1896
2930	1703	1219
344	2546	2729
2600	0	1068
2586	3468	3677
507	1748	1814
3437	96	136
1366	0	4043
1345	0	3005
1521	407	443
3501	534	565
2610	0	3477
2083	2224	546
3189	1032	1157
1394	3909	4176
1125	2267	2327
1437	80	120
775	771	824
1599	0	338
3947	0	4040
2263	1594	1310
4	3797	4073
1050	0	4274
1494	3395	3560
2002	2914	3115
896	2876	3094
733	3494	3712
3820	0	3015
763	2548	2731
1294	3900	4167
410	2363	2404
1197	1233	1628
1186	1505	1424
2957	0	3647
807	2520	2701
3310	0	2797
383	1621	1284
337	1560	1378
120	3261	3446
54	0	1746
2770	0	1210
160	0	885
1598	1746	1812
269	3097	3295
828	3720	3968
2853	3977	4244
2483	0	2805
871	3356	3530
87	3744	3993
1924	117	166
2541	2063	2145
3394	0	1970
1837	3731	3979
1630	2211	198
2758	1146	1707
2024	3893	4160
2253	0	1198
2680	0	2774
91	1715	1760
806	0	1573
197	2471	2577
2397	1643	1259
2405	1754	1820
1579	2285	2348
761	664	712
110	0	4476
3823	2814	3032
2673	0	2640
2593	2574	2755
1305	0	3770
904	3103	3301
1439	3286	3462
2468	1487	1445
1449	2338	2391
1857	3143	3326
3025	151	203
1164	2262	2323
1261	0	1473
1908	3548	3761
1097	1640	1262
168	3863	4126
3099	1800	1864
528	0	3430
2619	2393	2447
2825	2481	2589
543	2462	2569
1807	1812	1872
61	394	430
79	0	15
1567	3469	3678
478	0	567
2868	1696	1225
3269	3478	3682
3680	0	1981
3362	0	939
2638	1545	1392
2949	0	4273
1078	1893	1985
4005	0	2540
1049	3222	3398
4271	0	635
0	375	400
1344	2134	2219
2569	2786	2997
1592	2422	2470
3374	0	401
1113	435	474
256	3166	3350
58	3818	4102
1218	1512	1418
1597	626	667
2256	0	999
3010	2740	2949
3156	2634	2860
1740	415	452
2056	903	1040
488	498	1594
2103	1486	1446
1291	973	1098
2383	3301	1503
2381	2328	2380
1070	3114	3312
1419	3670	3896
25	372	395
799	2985	3177
57	2662	2888
2319	3584	3801
3035	3562	3778
2771	1504	1425
342	974	1099
735	0	1877
1029	1170	1681
1214	816	915
3131	2521	2702
708	0	1939
4181	1286	0
1248	0	3769
3129	3957	4225
1351	3945	4212
3248	0	1879
1902	1991	2073
3206	2591	2827
1570	351	373
1310	900	1035
3363	0	1044
3049	1207	1647
89	2396	2450
2715	592	628
2200	2847	3068
2230	0	1344
2234	400	436
1656	0	4425
2713	801	901
1065	0	1045
586	4130	4411
3413	2456	2562
2768	2730	2939
2080	1235	1626
3301	0	2064
1000	1642	1260
1684	1304	1585
1939	3706	3952
4220	0	855
4054	2900	3883
795	2996	3187
3252	1716	316
2432	3928	4194
1691	346	367
3085	1475	0
551	0	1203
4134	0	1188
1728	0	4053
2760	3120	3318
2240	1490	1442
367	3906	4174
1213	2590	2826
3938	3717	3965
1613	3108	3306
1978	518	2519
2318	3824	4111
218	3916	4182
3295	0	2417
141	1572	3336
2654	0	1591
2601	3106	3304
1224	0	3893
703	0	540
0	127	468
1157	0	1224
539	3353	3528
289	2917	3118
0	3813	4088
3045	935	1066
1593	1838	1902
2239	0	4275
1998	1204	1650
685	3950	4217
3154	2143	2228
64	0	2767
3367	0	1640
0	1214	1642
3901	0	3648
3242	0	2978
284	1605	1299
425	2516	2697
1111	3068	3268
2452	2821	3039
857	0	1477
2115	2966	3157
2734	3462	3665
1412	3117	3315
3306	0	3996
3168	1103	1751
2875	1617	1287
1404	2156	2236
95	2915	3116
3954	0	4089
2217	1174	1679
333	1863	1926
1061	2998	3189
570	3001	3192
1321	2859	3084
1087	3346	3520
1864	3453	3644
1560	574	609
66	1000	1125
625	43	77
3017	2780	2991
3276	2990	3182
3243	1427	3932
4320	0	2798
2750	3013	3204
93	2218	2307
2400	630	674
2982	0	4151
772	1755	1821
2215	0	3524
3155	2322	2374
446	1628	1273
2420	1681	1240
84	3898	4165
276	2789	3000
1651	0	81
840	1473	0
4238	0	4255
504	846	950
1538	0	58
969	2323	2375
1174	2067	2149
212	902	1039
1863	1129	1720
1594	3816	4100
2550	3558	3773
2243	4047	1554
1683	1996	2078
114	0	3653
348	0	2533
2584	2482	2590
1663	0	1948
3398	0	154
3949	0	4055
2324	1731	1777
2947	1664	1248
2657	3115	3313
2959	785	844
2915	0	1608
3554	0	2521
1866	1977	3145
2769	0	1964
2154	358	380
693	0	1492
3325	0	323
2738	0	3924
692	0	4283
457	677	722
889	2727	2936
2805	2431	2485
1949	0	2799
2055	3142	3325
3118	3944	4211
855	2570	2751
2612	329	1569
2565	3048	3246
62	1989	2914
1299	2202	2297
1928	302	355
2829	3778	4031
1556	0	2260
448	738	796
418	3441	3612
2085	0	1277
3373	0	4149
1421	0	3649
0	1102	2520
0	1455	2496
1543	0	2775
676	3016	3207
1482	3627	3847
1176	784	843
2451	0	1971
180	2977	3169
1942	0	3245
2320	0	1367
3382	0	1196
564	1850	1914
1085	2136	2221
1935	586	622
2813	2502	4486
2774	1098	1754
1798	273	458
1140	3390	0
2412	3759	4011
0	4086	4355
3973	3955	4222
0	705	3054
2062	3260	3445
2274	3552	3765
3111	22	43
1547	3047	3244
2408	405	441
4252	0	2679
3083	3495	3713
188	183	236
3103	3000	3191
1277	0	1975
1005	989	1114
397	3110	3308
3105	349	372
2484	3079	3277
907	0	3885
3220	3090	3288
3715	2086	2178
873	0	2784
2150	2995	3186
1386	1258	1603
4253	0	287
198	0	974
1385	2026	2111
86	2522	2705
1274	1196	1656
1158	2281	2341
2997	3403	3573
1790	1041	1166
1933	737	795
3717	2113	2196
644	0	1215
1198	3612	3830
856	2813	3031
1313	0	2818
3254	0	1355
805	0	2631
1201	1119	1735
2439	4051	4332
2019	0	1493
0	1923	698
1203	1701	1222
766	2474	2580
3265	0	1796
3582	1697	1223
1673	1501	1427
3180	0	4139
933	1814	1874
4135	0	1199
1918	0	2344
1181	0	1193
3219	1554	1383
4113	3264	3450
2443	0	2776
655	0	1343
2249	1635	1267
724	0	2768
870	3064	3264
1462	2248	2316
3335	0	2475
1375	719	777
153	3696	3941
1481	1549	1388
2893	0	2543
2620	387	413
4051	535	568
3120	3430	3599
1765	1835	1900
2847	990	1115
3334	0	288
1045	0	2291
2676	1144	1708
1559	0	2384
667	0	4282
1035	3528	3741
3222	0	710
0	4055	695
482	3209	3381
2848	980	1105
1245	1474	0
317	1023	1148
4038	1743	1789
2192	1354	1544
52	1365	1533
2511	1582	1324
1658	2651	2876
2106	278	551
2031	3805	4081
994	2378	2427
3235	3781	4059
2736	0	79
2892	1733	1779
1950	1749	1815
419	3958	4226
2667	939	1073
2327	0	55
1920	1854	1917
2817	1299	0
1628	0	337
1622	0	1526
327	1820	1884
3997	4106	4383
3002	1232	1629
3233	0	3854
2846	0	2530
2647	2069	2152
2714	3207	3379
1069	815	914
1293	0	2924
3524	0	740
980	542	573
187	2596	2832
660	4085	4354
1064	0	1354
0	275	2669
3036	424	462
887	0	1353
1869	3074	3275
1350	3154	3338
1677	2672	2898
1498	2599	2835
3150	0	1323
2398	818	922
1586	3704	3949
2692	3147	3330
2378	3800	4077
681	1531	1406
3137	2276	2336
3964	0	4153
0	512	879
1177	1394	1505
4137	511	985
1746	1441	1460
3278	0	4150
986	644	687
2671	2883	3097
647	1461	1928
2981	0	4046
1101	4091	4362
216	2077	3688
42	3347	3521
3283	0	3431
1147	1208	1646
3192	0	297
2119	2865	3085
4039	0	2925
2903	347	368
499	1580	1335
2341	3149	3332
2461	3394	3559
2462	1729	1775
576	487	530
1535	3972	4239
102	580	615
4155	924	1195
2552	1234	1627
960	2340	2393
156	3051	3249
1102	556	587
511	1891	0
809	3326	3493
3221	23	44
0	645	283
1785	3585	3803
2294	1451	1451
1217	2392	2446
1093	1744	1790
1995	0	4051
3054	97	137
223	2372	2415
440	0	2514
2618	1622	1283
3299	834	0
3356	0	1804
826	3136	3321
3112	184	237
1191	582	618
2385	0	2508
2523	3932	4198
2708	0	344
1747	1303	1586
4156	0	2166
340	0	4480
4034	0	2168
1180	0	1012
2290	3328	3495
262	0	1294
2668	356	378
3366	0	1639
719	1857	1920
3284	0	4223
2007	0	1613
1472	3111	3309
3209	1590	1314
2061	2538	2721
886	851	955
1207	1702	1220
1818	1182	1669
0	214	3391
1977	1853	0
4040	0	2099
1817	941	1455
2582	0	2205
1091	1717	1761
0	213	3390
2665	3101	3299
3333	1892	0
3214	887	1022
831	1018	1143
517	1364	1537
2577	1457	1047
3298	0	3986
1759	0	1806
247	0	2511
1126	3169	3354
2025	0	2015
2512	927	1747
3290	0	771
3986	2308	0
4184	2598	2834
0	2908	636
2643	0	1792
2726	3750	4002
2996	0	1075
2431	3429	3598
152	430	469
982	4082	4352
0	1069	1810
3123	3162	3346
1196	2515	2696
1922	0	4492
1145	0	1801
109	0	2625
3856	3070	3270
1165	4113	4390
2088	0	2539
2745	0	2505
1139	0	996
3201	0	1938
1269	0	1883
3202	0	1931
1540	229	0
112	2924	3124
1107	0	2637
3183	1172	0
3280	0	2246
2339	0	4485
0	3308	4435
696	0	2517
3012	0	4493
3369	2052	0
0	2227	2157
0	1469	980
3459	0	291
4200	232	4490
0	508	2163
0	1101	876
1072	0	2512
2919	528	0
0	2768	2977
1209	0	2639
1278	0	2622
0	659	4443
2566	0	4484
3032	1210	0
0	1971	2596
2477	1674	0
1967	0	2607
2136	0	2837
0	220	3525
1417	0	2628
3082	3348	0
3326	0	2620
