# The phyletic profiles are given as one OMA Group per row, starting
# with a group identifier, followed by a presents/absents indicator
# (i.e. 0 := absent, 1: present) per species in the group as columns.
# The first row contains the species for each column.
Group	Bovismorbificans_CVM_30176	ECOLI	SALTY
OMA00001	1	0	1
OMA00002	1	0	1
OMA00003	1	0	1
OMA00004	1	1	1
OMA00005	1	0	1
OMA00006	1	1	1
OMA00007	1	1	1
OMA00008	1	1	1
OMA00009	1	1	1
OMA00010	1	0	1
OMA00011	1	1	1
OMA00012	1	1	1
OMA00013	1	1	1
OMA00014	1	1	1
OMA00015	1	1	1
OMA00016	1	1	1
OMA00017	1	1	1
OMA00018	1	1	1
OMA00019	1	1	1
OMA00020	1	1	1
OMA00021	1	1	1
OMA00022	1	1	1
OMA00023	1	1	1
OMA00024	1	0	1
OMA00025	1	1	1
OMA00026	1	1	1
OMA00027	1	1	1
OMA00028	1	1	1
OMA00029	1	1	1
OMA00030	1	1	1
OMA00031	0	1	1
OMA00032	1	1	1
OMA00033	1	1	1
OMA00034	1	0	1
OMA00035	1	1	1
OMA00036	1	1	1
OMA00037	1	1	1
OMA00038	1	1	1
OMA00039	1	1	1
OMA00040	1	0	1
OMA00041	1	1	1
OMA00042	1	1	1
OMA00043	1	1	1
OMA00044	1	0	1
OMA00045	1	0	1
OMA00046	1	1	1
OMA00047	0	1	1
OMA00048	1	0	1
OMA00049	1	1	1
OMA00050	1	1	1
OMA00051	1	1	1
OMA00052	1	1	1
OMA00053	1	1	1
OMA00054	1	1	1
OMA00055	1	1	1
OMA00056	1	1	1
OMA00057	1	1	1
OMA00058	1	1	1
OMA00059	1	1	1
OMA00060	1	1	1
OMA00061	1	0	1
OMA00062	1	0	1
OMA00063	1	1	1
OMA00064	1	1	1
OMA00065	1	1	1
OMA00066	1	1	1
OMA00067	1	0	1
OMA00068	1	1	1
OMA00069	1	0	1
OMA00070	1	1	1
OMA00071	1	1	1
OMA00072	1	1	1
OMA00073	1	1	1
OMA00074	1	1	1
OMA00075	1	1	1
OMA00076	1	1	1
OMA00077	1	1	1
OMA00078	1	1	1
OMA00079	1	1	1
OMA00080	1	1	1
OMA00081	1	1	1
OMA00082	1	0	1
OMA00083	1	1	1
OMA00084	1	1	1
OMA00085	1	1	1
OMA00086	1	1	1
OMA00087	1	1	1
OMA00088	1	1	1
OMA00089	1	1	1
OMA00090	1	1	1
OMA00091	1	1	1
OMA00092	1	1	1
OMA00093	1	1	1
OMA00094	1	1	1
OMA00095	1	1	1
OMA00096	1	1	1
OMA00097	1	1	1
OMA00098	1	1	1
OMA00099	1	1	1
OMA00100	1	0	1
OMA00101	1	1	1
OMA00102	1	1	1
OMA00103	1	1	1
OMA00104	1	1	1
OMA00105	1	0	1
OMA00106	1	1	1
OMA00107	1	0	1
OMA00108	1	1	1
OMA00109	1	1	1
OMA00110	1	0	1
OMA00111	1	1	1
OMA00112	1	1	1
OMA00113	1	0	1
OMA00114	1	1	1
OMA00115	1	1	1
OMA00116	1	1	1
OMA00117	1	1	1
OMA00118	1	1	1
OMA00119	1	1	1
OMA00120	1	1	1
OMA00121	1	1	0
OMA00122	1	1	1
OMA00123	1	1	1
OMA00124	1	0	1
OMA00125	1	1	1
OMA00126	1	0	1
OMA00127	1	1	1
OMA00128	1	1	1
OMA00129	1	1	1
OMA00130	1	1	1
OMA00131	1	1	1
OMA00132	1	1	1
OMA00133	1	1	1
OMA00134	1	1	1
OMA00135	1	1	1
OMA00136	1	0	1
OMA00137	1	0	1
OMA00138	1	1	1
OMA00139	1	0	1
OMA00140	1	1	1
OMA00141	1	0	1
OMA00142	1	1	1
OMA00143	1	1	1
OMA00144	1	1	1
OMA00145	1	1	1
OMA00146	1	1	1
OMA00147	1	1	1
OMA00148	1	1	1
OMA00149	1	1	1
OMA00150	1	1	1
OMA00151	1	1	1
OMA00152	1	1	1
OMA00153	1	0	1
OMA00154	1	1	1
OMA00155	1	1	1
OMA00156	1	0	1
OMA00157	1	1	1
OMA00158	1	1	1
OMA00159	1	1	1
OMA00160	1	1	1
OMA00161	1	1	1
OMA00162	1	1	1
OMA00163	1	1	1
OMA00164	1	1	1
OMA00165	1	1	1
OMA00166	1	1	1
OMA00167	1	1	1
OMA00168	1	1	1
OMA00169	1	1	1
OMA00170	1	0	1
OMA00171	1	1	1
OMA00172	1	1	1
OMA00173	1	1	1
OMA00174	1	0	1
OMA00175	1	1	1
OMA00176	1	1	1
OMA00177	1	1	1
OMA00178	1	1	1
OMA00179	1	1	1
OMA00180	1	1	1
OMA00181	1	1	1
OMA00182	1	0	1
OMA00183	1	1	1
OMA00184	1	1	1
OMA00185	1	1	1
OMA00186	1	1	1
OMA00187	1	1	1
OMA00188	1	1	1
OMA00189	1	0	1
OMA00190	1	1	1
OMA00191	1	1	1
OMA00192	1	1	1
OMA00193	1	1	1
OMA00194	1	1	1
OMA00195	1	0	1
OMA00196	1	1	1
OMA00197	1	1	1
OMA00198	1	1	1
OMA00199	1	1	1
OMA00200	1	1	1
OMA00201	1	0	1
OMA00202	1	1	1
OMA00203	1	1	1
OMA00204	1	1	1
OMA00205	1	1	1
OMA00206	1	1	1
OMA00207	1	0	1
OMA00208	1	1	1
OMA00209	1	0	1
OMA00210	1	0	1
OMA00211	1	1	1
OMA00212	1	0	1
OMA00213	1	0	1
OMA00214	1	1	1
OMA00215	1	1	1
OMA00216	1	1	1
OMA00217	1	1	1
OMA00218	1	1	1
OMA00219	1	0	1
OMA00220	1	1	1
OMA00221	1	1	1
OMA00222	1	1	1
OMA00223	1	1	1
OMA00224	1	1	1
OMA00225	1	1	1
OMA00226	1	1	1
OMA00227	1	1	1
OMA00228	1	1	1
OMA00229	1	0	1
OMA00230	1	0	1
OMA00231	1	0	1
OMA00232	1	1	1
OMA00233	1	1	1
OMA00234	1	1	1
OMA00235	1	1	1
OMA00236	1	1	1
OMA00237	1	1	1
OMA00238	1	1	1
OMA00239	1	1	1
OMA00240	1	1	1
OMA00241	1	1	1
OMA00242	1	0	1
OMA00243	1	1	1
OMA00244	1	1	1
OMA00245	1	1	1
OMA00246	1	1	1
OMA00247	1	1	1
OMA00248	1	1	1
OMA00249	1	1	1
OMA00250	1	1	1
OMA00251	1	1	1
OMA00252	1	0	1
OMA00253	1	1	1
OMA00254	1	1	1
OMA00255	1	0	1
OMA00256	1	1	1
OMA00257	1	1	1
OMA00258	1	1	1
OMA00259	1	1	1
OMA00260	1	1	1
OMA00261	1	1	1
OMA00262	1	1	1
OMA00263	1	1	1
OMA00264	1	1	1
OMA00265	1	1	1
OMA00266	1	1	1
OMA00267	1	1	1
OMA00268	1	1	1
OMA00269	1	0	1
OMA00270	1	0	1
OMA00271	1	0	1
OMA00272	1	1	1
OMA00273	1	0	1
OMA00274	0	1	1
OMA00275	1	1	1
OMA00276	1	1	1
OMA00277	1	1	1
OMA00278	1	1	1
OMA00279	1	1	1
OMA00280	1	1	1
OMA00281	1	1	1
OMA00282	1	1	1
OMA00283	1	1	1
OMA00284	1	1	1
OMA00285	1	0	1
OMA00286	1	1	1
OMA00287	1	1	1
OMA00288	1	1	1
OMA00289	1	1	1
OMA00290	1	1	1
OMA00291	1	0	1
OMA00292	1	1	1
OMA00293	0	1	1
OMA00294	1	1	1
OMA00295	1	1	1
OMA00296	1	1	1
OMA00297	1	0	1
OMA00298	1	1	1
OMA00299	1	1	1
OMA00300	1	1	1
OMA00301	1	1	1
OMA00302	1	1	1
OMA00303	1	1	1
OMA00304	1	0	1
OMA00305	1	1	1
OMA00306	0	1	1
OMA00307	1	1	1
OMA00308	1	1	1
OMA00309	1	1	1
OMA00310	1	1	1
OMA00311	1	1	1
OMA00312	1	1	1
OMA00313	1	1	1
OMA00314	1	0	1
OMA00315	1	1	1
OMA00316	1	1	1
OMA00317	1	1	1
OMA00318	1	1	1
OMA00319	1	1	1
OMA00320	1	1	1
OMA00321	1	1	1
OMA00322	1	1	1
OMA00323	1	1	1
OMA00324	1	1	1
OMA00325	1	1	1
OMA00326	1	1	1
OMA00327	1	1	1
OMA00328	1	1	1
OMA00329	1	1	1
OMA00330	1	1	1
OMA00331	1	0	1
OMA00332	1	1	1
OMA00333	1	1	1
OMA00334	1	0	1
OMA00335	1	1	1
OMA00336	1	0	1
OMA00337	1	1	1
OMA00338	1	1	1
OMA00339	1	1	1
OMA00340	1	1	1
OMA00341	1	1	1
OMA00342	1	1	1
OMA00343	1	1	1
OMA00344	1	1	1
OMA00345	1	1	1
OMA00346	1	0	1
OMA00347	1	0	1
OMA00348	1	1	1
OMA00349	1	1	1
OMA00350	1	0	1
OMA00351	1	1	1
OMA00352	1	1	1
OMA00353	1	1	1
OMA00354	1	1	1
OMA00355	1	0	1
OMA00356	1	1	1
OMA00357	1	0	1
OMA00358	1	1	1
OMA00359	1	1	1
OMA00360	1	1	1
OMA00361	1	1	1
OMA00362	1	1	1
OMA00363	1	1	1
OMA00364	1	0	1
OMA00365	1	1	1
OMA00366	1	1	1
OMA00367	1	1	1
OMA00368	1	1	1
OMA00369	1	1	1
OMA00370	1	1	1
OMA00371	1	1	1
OMA00372	1	1	1
OMA00373	1	1	1
OMA00374	1	1	1
OMA00375	1	0	1
OMA00376	1	1	1
OMA00377	1	1	1
OMA00378	1	1	1
OMA00379	1	1	1
OMA00380	1	1	1
OMA00381	1	1	1
OMA00382	1	1	1
OMA00383	1	0	1
OMA00384	1	0	1
OMA00385	1	1	1
OMA00386	1	0	1
OMA00387	1	0	1
OMA00388	1	1	1
OMA00389	1	1	1
OMA00390	1	1	1
OMA00391	1	0	1
OMA00392	1	0	1
OMA00393	1	0	1
OMA00394	1	1	1
OMA00395	1	1	1
OMA00396	1	1	1
OMA00397	1	1	1
OMA00398	1	1	1
OMA00399	1	0	1
OMA00400	1	1	1
OMA00401	1	1	1
OMA00402	1	1	1
OMA00403	1	1	1
OMA00404	1	1	1
OMA00405	1	1	1
OMA00406	1	1	1
OMA00407	1	1	1
OMA00408	1	1	1
OMA00409	1	1	1
OMA00410	1	1	1
OMA00411	1	1	1
OMA00412	1	1	1
OMA00413	1	1	1
OMA00414	1	1	1
OMA00415	1	1	1
OMA00416	1	1	1
OMA00417	1	1	1
OMA00418	1	1	1
OMA00419	1	1	1
OMA00420	1	1	1
OMA00421	1	0	1
OMA00422	1	1	1
OMA00423	1	1	1
OMA00424	1	1	1
OMA00425	1	0	1
OMA00426	1	1	1
OMA00427	1	1	1
OMA00428	1	1	1
OMA00429	1	1	1
OMA00430	1	1	1
OMA00431	1	1	1
OMA00432	1	0	1
OMA00433	1	0	1
OMA00434	1	1	1
OMA00435	1	1	1
OMA00436	1	1	1
OMA00437	1	1	1
OMA00438	1	1	1
OMA00439	1	1	1
OMA00440	1	1	1
OMA00441	1	1	1
OMA00442	1	1	1
OMA00443	1	0	1
OMA00444	1	0	1
OMA00445	1	1	1
OMA00446	1	1	1
OMA00447	1	1	1
OMA00448	1	1	1
OMA00449	1	1	1
OMA00450	1	0	1
OMA00451	1	1	1
OMA00452	1	1	1
OMA00453	1	1	1
OMA00454	1	1	1
OMA00455	1	1	1
OMA00456	1	1	1
OMA00457	1	1	1
OMA00458	1	1	1
OMA00459	1	1	1
OMA00460	1	0	1
OMA00461	1	1	1
OMA00462	1	0	1
OMA00463	1	1	1
OMA00464	1	0	1
OMA00465	1	1	1
OMA00466	1	1	1
OMA00467	1	1	1
OMA00468	1	1	1
OMA00469	1	1	1
OMA00470	1	1	1
OMA00471	1	1	1
OMA00472	1	1	1
OMA00473	1	1	1
OMA00474	1	1	1
OMA00475	1	1	1
OMA00476	1	0	1
OMA00477	1	1	1
OMA00478	1	1	1
OMA00479	1	1	1
OMA00480	1	1	1
OMA00481	1	1	1
OMA00482	1	1	1
OMA00483	1	0	1
OMA00484	1	1	1
OMA00485	1	1	1
OMA00486	1	1	1
OMA00487	1	1	1
OMA00488	1	1	1
OMA00489	1	1	1
OMA00490	1	1	1
OMA00491	1	1	1
OMA00492	1	1	1
OMA00493	1	1	1
OMA00494	1	1	1
OMA00495	1	1	1
OMA00496	1	1	1
OMA00497	1	0	1
OMA00498	1	1	1
OMA00499	1	1	1
OMA00500	1	1	1
OMA00501	1	1	1
OMA00502	1	1	1
OMA00503	1	1	1
OMA00504	1	1	1
OMA00505	1	1	1
OMA00506	1	0	1
OMA00507	1	0	1
OMA00508	1	1	1
OMA00509	1	0	1
OMA00510	1	1	1
OMA00511	1	1	1
OMA00512	1	1	1
OMA00513	1	1	1
OMA00514	1	1	1
OMA00515	1	0	1
OMA00516	1	1	1
OMA00517	1	1	1
OMA00518	1	1	1
OMA00519	1	1	1
OMA00520	1	1	1
OMA00521	1	1	1
OMA00522	1	1	1
OMA00523	1	0	1
OMA00524	1	0	1
OMA00525	1	1	1
OMA00526	1	1	1
OMA00527	1	1	1
OMA00528	1	1	1
OMA00529	1	1	1
OMA00530	1	0	1
OMA00531	1	1	1
OMA00532	1	1	1
OMA00533	1	1	1
OMA00534	1	1	1
OMA00535	1	1	1
OMA00536	1	1	1
OMA00537	1	1	1
OMA00538	1	1	1
OMA00539	1	1	1
OMA00540	1	1	1
OMA00541	1	1	1
OMA00542	1	0	1
OMA00543	1	0	1
OMA00544	1	0	1
OMA00545	1	1	1
OMA00546	1	0	1
OMA00547	1	1	1
OMA00548	1	1	1
OMA00549	1	1	1
OMA00550	1	0	1
OMA00551	1	1	1
OMA00552	1	0	1
OMA00553	1	1	1
OMA00554	1	1	1
OMA00555	1	1	1
OMA00556	1	1	1
OMA00557	1	1	1
OMA00558	1	1	1
OMA00559	1	1	1
OMA00560	1	1	1
OMA00561	1	1	1
OMA00562	1	1	1
OMA00563	1	0	1
OMA00564	1	1	1
OMA00565	1	1	1
OMA00566	1	1	1
OMA00567	1	1	1
OMA00568	1	1	1
OMA00569	1	1	1
OMA00570	1	0	1
OMA00571	1	1	1
OMA00572	1	1	1
OMA00573	1	1	1
OMA00574	1	0	1
OMA00575	1	1	1
OMA00576	1	1	1
OMA00577	1	1	1
OMA00578	1	1	1
OMA00579	1	1	1
OMA00580	1	1	1
OMA00581	1	1	1
OMA00582	1	1	1
OMA00583	1	1	1
OMA00584	1	1	1
OMA00585	1	1	1
OMA00586	1	1	1
OMA00587	1	1	1
OMA00588	1	1	1
OMA00589	1	1	1
OMA00590	1	1	1
OMA00591	1	0	1
OMA00592	1	0	1
OMA00593	1	1	1
OMA00594	1	1	1
OMA00595	1	1	1
OMA00596	1	1	1
OMA00597	1	1	1
OMA00598	1	1	1
OMA00599	1	1	1
OMA00600	1	1	1
OMA00601	1	1	1
OMA00602	1	1	1
OMA00603	1	0	1
OMA00604	1	1	1
OMA00605	1	1	1
OMA00606	1	1	1
OMA00607	1	1	1
OMA00608	1	1	1
OMA00609	1	1	1
OMA00610	1	1	1
OMA00611	1	1	1
OMA00612	1	1	1
OMA00613	1	1	1
OMA00614	1	1	1
OMA00615	1	1	1
OMA00616	1	0	1
OMA00617	1	1	1
OMA00618	1	1	1
OMA00619	1	0	1
OMA00620	1	1	1
OMA00621	1	1	1
OMA00622	1	1	1
OMA00623	1	1	1
OMA00624	1	1	1
OMA00625	1	1	1
OMA00626	1	1	1
OMA00627	1	1	1
OMA00628	1	1	1
OMA00629	1	1	1
OMA00630	1	1	1
OMA00631	1	0	1
OMA00632	1	1	1
OMA00633	1	1	1
OMA00634	1	1	1
OMA00635	1	1	1
OMA00636	1	1	1
OMA00637	1	0	1
OMA00638	1	1	1
OMA00639	1	0	1
OMA00640	1	1	1
OMA00641	1	0	1
OMA00642	1	1	1
OMA00643	1	1	1
OMA00644	1	0	1
OMA00645	1	1	1
OMA00646	1	0	1
OMA00647	1	0	1
OMA00648	1	0	1
OMA00649	1	1	1
OMA00650	1	1	1
OMA00651	1	1	1
OMA00652	1	1	1
OMA00653	1	1	1
OMA00654	1	1	1
OMA00655	1	1	1
OMA00656	1	0	1
OMA00657	1	0	1
OMA00658	1	0	1
OMA00659	1	1	1
OMA00660	1	1	1
OMA00661	1	1	1
OMA00662	1	1	1
OMA00663	1	1	1
OMA00664	1	1	1
OMA00665	1	1	1
OMA00666	1	1	1
OMA00667	1	1	1
OMA00668	1	0	1
OMA00669	1	1	1
OMA00670	1	1	1
OMA00671	1	1	1
OMA00672	1	1	1
OMA00673	1	1	1
OMA00674	1	1	1
OMA00675	1	1	1
OMA00676	1	1	1
OMA00677	1	1	1
OMA00678	1	1	1
OMA00679	1	0	1
OMA00680	1	0	1
OMA00681	1	0	1
OMA00682	1	0	1
OMA00683	1	1	1
OMA00684	1	1	1
OMA00685	1	0	1
OMA00686	1	1	1
OMA00687	1	1	1
OMA00688	1	1	1
OMA00689	1	1	1
OMA00690	1	1	1
OMA00691	1	1	1
OMA00692	1	1	1
OMA00693	1	1	1
OMA00694	1	1	1
OMA00695	1	1	1
OMA00696	1	0	1
OMA00697	1	1	1
OMA00698	1	1	1
OMA00699	1	1	1
OMA00700	1	1	1
OMA00701	1	1	1
OMA00702	1	1	1
OMA00703	1	1	1
OMA00704	1	1	1
OMA00705	1	0	1
OMA00706	1	1	1
OMA00707	1	1	1
OMA00708	1	1	1
OMA00709	1	1	1
OMA00710	1	1	1
OMA00711	1	1	1
OMA00712	1	1	1
OMA00713	1	1	1
OMA00714	1	1	1
OMA00715	1	1	1
OMA00716	1	1	1
OMA00717	1	1	1
OMA00718	1	1	1
OMA00719	1	1	1
OMA00720	1	1	1
OMA00721	1	1	1
OMA00722	1	0	1
OMA00723	1	1	1
OMA00724	1	1	1
OMA00725	1	1	1
OMA00726	1	0	1
OMA00727	1	1	1
OMA00728	1	1	1
OMA00729	1	0	1
OMA00730	1	1	1
OMA00731	1	1	1
OMA00732	1	1	1
OMA00733	1	1	1
OMA00734	1	0	1
OMA00735	1	0	1
OMA00736	1	1	1
OMA00737	1	1	1
OMA00738	1	0	1
OMA00739	1	0	1
OMA00740	1	1	1
OMA00741	1	0	1
OMA00742	1	1	1
OMA00743	1	1	1
OMA00744	1	1	1
OMA00745	1	0	1
OMA00746	1	1	1
OMA00747	1	1	1
OMA00748	1	1	1
OMA00749	1	1	1
OMA00750	1	1	1
OMA00751	1	1	1
OMA00752	1	1	1
OMA00753	1	1	1
OMA00754	1	0	1
OMA00755	1	1	1
OMA00756	1	0	1
OMA00757	1	1	1
OMA00758	1	1	1
OMA00759	1	1	1
OMA00760	1	0	1
OMA00761	1	1	1
OMA00762	1	1	1
OMA00763	1	1	1
OMA00764	1	1	1
OMA00765	1	1	1
OMA00766	1	1	1
OMA00767	1	1	1
OMA00768	1	1	1
OMA00769	1	1	1
OMA00770	1	1	1
OMA00771	1	1	1
OMA00772	1	1	1
OMA00773	1	1	1
OMA00774	1	1	1
OMA00775	1	1	1
OMA00776	1	1	1
OMA00777	1	1	1
OMA00778	1	1	1
OMA00779	1	1	1
OMA00780	1	1	1
OMA00781	1	0	1
OMA00782	1	1	1
OMA00783	1	1	1
OMA00784	1	1	1
OMA00785	1	0	1
OMA00786	1	0	1
OMA00787	1	1	1
OMA00788	1	1	1
OMA00789	1	1	1
OMA00790	1	1	1
OMA00791	1	1	1
OMA00792	1	1	1
OMA00793	1	1	1
OMA00794	1	1	1
OMA00795	1	1	1
OMA00796	1	0	1
OMA00797	1	0	1
OMA00798	1	1	1
OMA00799	1	0	1
OMA00800	1	1	1
OMA00801	1	1	1
OMA00802	1	0	1
OMA00803	1	1	1
OMA00804	1	1	1
OMA00805	1	0	1
OMA00806	1	0	1
OMA00807	1	1	1
OMA00808	1	0	1
OMA00809	1	1	1
OMA00810	1	1	1
OMA00811	1	1	1
OMA00812	1	0	1
OMA00813	1	1	1
OMA00814	1	1	1
OMA00815	1	1	1
OMA00816	1	1	1
OMA00817	1	1	1
OMA00818	1	1	1
OMA00819	1	0	1
OMA00820	1	0	1
OMA00821	1	1	1
OMA00822	1	1	1
OMA00823	1	0	1
OMA00824	1	0	1
OMA00825	1	1	1
OMA00826	1	1	1
OMA00827	1	1	1
OMA00828	1	1	1
OMA00829	1	0	1
OMA00830	1	1	1
OMA00831	1	1	1
OMA00832	1	1	1
OMA00833	1	1	1
OMA00834	1	1	1
OMA00835	1	1	1
OMA00836	1	1	1
OMA00837	1	1	1
OMA00838	1	1	1
OMA00839	1	1	1
OMA00840	1	0	1
OMA00841	1	0	1
OMA00842	1	1	1
OMA00843	1	1	1
OMA00844	1	1	1
OMA00845	1	0	1
OMA00846	1	0	1
OMA00847	1	1	1
OMA00848	1	1	1
OMA00849	1	1	1
OMA00850	1	1	1
OMA00851	1	1	1
OMA00852	1	1	1
OMA00853	1	0	1
OMA00854	1	1	1
OMA00855	1	1	1
OMA00856	1	1	1
OMA00857	1	1	1
OMA00858	1	1	1
OMA00859	1	1	1
OMA00860	1	1	1
OMA00861	1	1	1
OMA00862	1	1	1
OMA00863	1	1	1
OMA00864	1	1	1
OMA00865	1	1	1
OMA00866	1	0	1
OMA00867	1	1	1
OMA00868	1	1	1
OMA00869	1	1	1
OMA00870	1	0	1
OMA00871	1	1	1
OMA00872	1	1	1
OMA00873	1	1	1
OMA00874	1	1	1
OMA00875	1	1	1
OMA00876	1	1	1
OMA00877	1	1	1
OMA00878	1	1	1
OMA00879	1	0	1
OMA00880	1	0	1
OMA00881	1	1	1
OMA00882	1	1	1
OMA00883	1	1	1
OMA00884	1	1	1
OMA00885	1	1	1
OMA00886	1	0	1
OMA00887	1	1	1
OMA00888	1	1	1
OMA00889	1	1	1
OMA00890	1	1	1
OMA00891	1	1	1
OMA00892	1	1	1
OMA00893	1	1	1
OMA00894	1	1	1
OMA00895	1	1	1
OMA00896	1	1	1
OMA00897	1	1	1
OMA00898	1	0	1
OMA00899	1	1	1
OMA00900	1	0	1
OMA00901	1	0	1
OMA00902	1	1	1
OMA00903	1	1	1
OMA00904	1	1	1
OMA00905	1	1	1
OMA00906	1	0	1
OMA00907	1	1	1
OMA00908	1	1	1
OMA00909	1	0	1
OMA00910	1	1	1
OMA00911	1	1	1
OMA00912	1	1	1
OMA00913	1	1	1
OMA00914	1	0	1
OMA00915	1	1	1
OMA00916	1	1	1
OMA00917	1	1	1
OMA00918	1	1	1
OMA00919	1	1	1
OMA00920	1	1	1
OMA00921	1	1	1
OMA00922	1	1	1
OMA00923	1	1	1
OMA00924	1	1	1
OMA00925	1	0	1
OMA00926	1	1	1
OMA00927	1	1	1
OMA00928	1	1	1
OMA00929	1	1	1
OMA00930	1	1	1
OMA00931	1	1	1
OMA00932	1	1	1
OMA00933	1	0	1
OMA00934	1	1	1
OMA00935	1	1	1
OMA00936	1	0	1
OMA00937	1	1	1
OMA00938	1	1	1
OMA00939	1	1	1
OMA00940	1	1	1
OMA00941	1	1	1
OMA00942	1	1	1
OMA00943	1	0	1
OMA00944	1	1	1
OMA00945	1	1	1
OMA00946	1	1	1
OMA00947	1	1	1
OMA00948	1	1	1
OMA00949	1	1	1
OMA00950	1	0	1
OMA00951	1	1	1
OMA00952	1	1	1
OMA00953	1	0	1
OMA00954	1	1	1
OMA00955	1	1	1
OMA00956	1	1	1
OMA00957	1	0	1
OMA00958	1	1	1
OMA00959	1	1	1
OMA00960	1	1	1
OMA00961	1	1	1
OMA00962	1	1	1
OMA00963	1	0	1
OMA00964	1	1	1
OMA00965	1	1	1
OMA00966	1	1	1
OMA00967	1	1	1
OMA00968	1	1	1
OMA00969	1	1	1
OMA00970	1	1	1
OMA00971	1	1	1
OMA00972	1	0	1
OMA00973	1	1	1
OMA00974	1	0	1
OMA00975	1	1	1
OMA00976	1	1	1
OMA00977	1	1	1
OMA00978	1	1	1
OMA00979	1	0	1
OMA00980	1	0	1
OMA00981	1	1	1
OMA00982	0	1	1
OMA00983	1	1	1
OMA00984	1	1	1
OMA00985	1	1	1
OMA00986	1	1	1
OMA00987	1	1	1
OMA00988	1	1	1
OMA00989	1	1	1
OMA00990	1	0	1
OMA00991	1	1	1
OMA00992	1	1	1
OMA00993	1	1	1
OMA00994	1	1	1
OMA00995	1	1	1
OMA00996	1	1	1
OMA00997	1	0	1
OMA00998	1	1	1
OMA00999	1	1	1
OMA01000	1	0	1
OMA01001	1	1	1
OMA01002	1	0	1
OMA01003	1	1	1
OMA01004	1	1	1
OMA01005	1	1	1
OMA01006	1	1	1
OMA01007	1	1	1
OMA01008	1	1	1
OMA01009	1	0	1
OMA01010	1	0	1
OMA01011	1	1	1
OMA01012	1	1	1
OMA01013	1	1	1
OMA01014	1	0	1
OMA01015	1	1	1
OMA01016	1	1	1
OMA01017	1	1	1
OMA01018	1	1	1
OMA01019	1	1	1
OMA01020	1	1	1
OMA01021	1	1	1
OMA01022	1	1	1
OMA01023	1	1	1
OMA01024	1	0	1
OMA01025	1	1	1
OMA01026	1	1	1
OMA01027	1	0	1
OMA01028	1	1	1
OMA01029	1	0	1
OMA01030	1	0	1
OMA01031	1	0	1
OMA01032	1	1	1
OMA01033	1	1	1
OMA01034	1	1	1
OMA01035	1	1	1
OMA01036	1	1	1
OMA01037	1	1	1
OMA01038	1	1	1
OMA01039	1	1	1
OMA01040	1	1	1
OMA01041	1	1	1
OMA01042	1	1	1
OMA01043	1	1	1
OMA01044	1	1	1
OMA01045	1	0	1
OMA01046	1	1	1
OMA01047	1	0	1
OMA01048	1	0	1
OMA01049	1	0	1
OMA01050	1	1	1
OMA01051	1	1	1
OMA01052	1	1	1
OMA01053	1	0	1
OMA01054	1	1	1
OMA01055	1	0	1
OMA01056	1	1	1
OMA01057	1	1	1
OMA01058	1	0	1
OMA01059	1	1	1
OMA01060	1	1	1
OMA01061	1	1	1
OMA01062	1	1	1
OMA01063	1	0	1
OMA01064	1	1	1
OMA01065	1	0	1
OMA01066	1	0	1
OMA01067	1	1	1
OMA01068	1	1	1
OMA01069	1	0	1
OMA01070	1	1	1
OMA01071	1	1	1
OMA01072	1	1	1
OMA01073	1	1	1
OMA01074	1	1	1
OMA01075	1	0	1
OMA01076	1	0	1
OMA01077	1	1	1
OMA01078	1	1	1
OMA01079	1	1	1
OMA01080	1	1	1
OMA01081	1	1	1
OMA01082	1	1	1
OMA01083	1	1	1
OMA01084	1	1	1
OMA01085	1	1	1
OMA01086	1	1	1
OMA01087	1	1	1
OMA01088	1	1	1
OMA01089	1	0	1
OMA01090	1	1	1
OMA01091	1	0	1
OMA01092	1	1	1
OMA01093	1	1	1
OMA01094	1	1	1
OMA01095	1	1	1
OMA01096	1	1	1
OMA01097	1	0	1
OMA01098	1	1	1
OMA01099	1	1	1
OMA01100	1	1	1
OMA01101	1	1	1
OMA01102	1	1	1
OMA01103	1	0	1
OMA01104	1	1	1
OMA01105	1	1	1
OMA01106	1	1	1
OMA01107	1	1	1
OMA01108	1	0	1
OMA01109	0	1	1
OMA01110	1	1	1
OMA01111	1	1	1
OMA01112	1	1	1
OMA01113	1	1	1
OMA01114	1	1	1
OMA01115	1	1	1
OMA01116	0	1	1
OMA01117	1	1	1
OMA01118	1	1	1
OMA01119	1	0	1
OMA01120	1	1	1
OMA01121	0	1	1
OMA01122	1	1	1
OMA01123	1	1	1
OMA01124	1	0	1
OMA01125	1	1	1
OMA01126	1	1	1
OMA01127	1	0	1
OMA01128	1	1	1
OMA01129	1	1	1
OMA01130	1	0	1
OMA01131	0	1	1
OMA01132	1	1	1
OMA01133	1	1	1
OMA01134	1	0	1
OMA01135	1	1	1
OMA01136	1	1	1
OMA01137	1	1	1
OMA01138	1	0	1
OMA01139	1	1	1
OMA01140	1	1	1
OMA01141	1	0	1
OMA01142	1	1	1
OMA01143	1	1	1
OMA01144	1	1	1
OMA01145	1	1	0
OMA01146	1	0	1
OMA01147	1	1	1
OMA01148	1	1	1
OMA01149	1	1	1
OMA01150	1	1	1
OMA01151	1	0	1
OMA01152	1	1	1
OMA01153	1	1	1
OMA01154	1	1	1
OMA01155	1	1	1
OMA01156	1	1	1
OMA01157	1	1	1
OMA01158	1	1	1
OMA01159	1	1	1
OMA01160	1	1	1
OMA01161	1	1	1
OMA01162	1	0	1
OMA01163	1	1	1
OMA01164	1	1	1
OMA01165	1	1	1
OMA01166	1	1	1
OMA01167	1	1	1
OMA01168	1	1	1
OMA01169	1	1	1
OMA01170	1	0	1
OMA01171	1	1	1
OMA01172	1	1	1
OMA01173	1	0	1
OMA01174	1	1	1
OMA01175	1	1	1
OMA01176	1	1	1
OMA01177	1	1	1
OMA01178	1	1	1
OMA01179	1	1	1
OMA01180	1	1	1
OMA01181	1	1	0
OMA01182	1	1	1
OMA01183	1	1	1
OMA01184	1	1	1
OMA01185	1	0	1
OMA01186	1	1	1
OMA01187	1	1	1
OMA01188	1	1	1
OMA01189	1	0	1
OMA01190	1	1	1
OMA01191	1	1	1
OMA01192	1	1	1
OMA01193	1	1	1
OMA01194	1	1	1
OMA01195	1	1	1
OMA01196	1	1	1
OMA01197	1	1	1
OMA01198	1	1	1
OMA01199	1	1	1
OMA01200	1	0	1
OMA01201	1	1	1
OMA01202	1	1	1
OMA01203	1	1	1
OMA01204	1	0	1
OMA01205	1	1	1
OMA01206	1	1	1
OMA01207	1	1	1
OMA01208	1	1	1
OMA01209	1	1	1
OMA01210	1	0	1
OMA01211	1	1	1
OMA01212	1	1	1
OMA01213	1	0	1
OMA01214	1	1	1
OMA01215	1	1	1
OMA01216	1	1	1
OMA01217	1	1	1
OMA01218	1	1	1
OMA01219	1	1	1
OMA01220	1	0	1
OMA01221	1	0	1
OMA01222	1	1	1
OMA01223	0	1	1
OMA01224	1	1	1
OMA01225	1	1	1
OMA01226	1	1	1
OMA01227	1	1	1
OMA01228	1	0	1
OMA01229	1	1	1
OMA01230	1	1	1
OMA01231	1	1	1
OMA01232	1	1	1
OMA01233	1	0	1
OMA01234	1	1	1
OMA01235	1	1	1
OMA01236	1	1	1
OMA01237	1	1	1
OMA01238	1	1	1
OMA01239	1	1	1
OMA01240	1	1	1
OMA01241	1	1	1
OMA01242	1	1	1
OMA01243	1	1	1
OMA01244	1	1	1
OMA01245	1	1	1
OMA01246	1	0	1
OMA01247	1	0	1
OMA01248	1	1	1
OMA01249	1	1	1
OMA01250	1	1	1
OMA01251	1	1	1
OMA01252	1	0	1
OMA01253	1	1	1
OMA01254	1	1	1
OMA01255	1	1	1
OMA01256	1	1	1
OMA01257	1	1	1
OMA01258	1	1	1
OMA01259	1	1	1
OMA01260	1	1	1
OMA01261	1	1	1
OMA01262	1	1	1
OMA01263	1	1	1
OMA01264	1	1	1
OMA01265	1	1	1
OMA01266	1	1	1
OMA01267	1	1	1
OMA01268	1	1	1
OMA01269	1	1	1
OMA01270	1	0	1
OMA01271	1	1	1
OMA01272	1	1	1
OMA01273	1	0	1
OMA01274	1	0	1
OMA01275	1	1	1
OMA01276	1	0	1
OMA01277	1	1	1
OMA01278	1	1	1
OMA01279	1	1	1
OMA01280	1	1	1
OMA01281	1	1	1
OMA01282	1	1	1
OMA01283	1	1	1
OMA01284	1	0	1
OMA01285	1	1	1
OMA01286	1	0	1
OMA01287	1	1	1
OMA01288	1	1	1
OMA01289	1	1	1
OMA01290	1	1	1
OMA01291	1	1	1
OMA01292	1	1	1
OMA01293	1	0	1
OMA01294	1	1	1
OMA01295	1	1	1
OMA01296	1	1	1
OMA01297	1	1	1
OMA01298	1	1	1
OMA01299	1	1	1
OMA01300	1	1	1
OMA01301	1	1	1
OMA01302	1	1	1
OMA01303	1	1	1
OMA01304	1	1	1
OMA01305	1	1	1
OMA01306	1	1	1
OMA01307	1	0	1
OMA01308	1	0	1
OMA01309	1	1	1
OMA01310	1	1	1
OMA01311	1	1	1
OMA01312	1	1	1
OMA01313	1	1	1
OMA01314	1	1	1
OMA01315	1	1	1
OMA01316	1	0	1
OMA01317	1	1	1
OMA01318	1	1	1
OMA01319	1	1	1
OMA01320	1	0	1
OMA01321	1	1	1
OMA01322	1	0	1
OMA01323	1	1	1
OMA01324	1	1	1
OMA01325	1	1	1
OMA01326	1	1	1
OMA01327	1	1	1
OMA01328	1	0	1
OMA01329	1	1	1
OMA01330	1	1	1
OMA01331	1	0	1
OMA01332	1	1	1
OMA01333	1	0	1
OMA01334	1	0	1
OMA01335	1	1	1
OMA01336	1	1	1
OMA01337	1	1	1
OMA01338	1	1	1
OMA01339	0	1	1
OMA01340	1	1	1
OMA01341	1	1	1
OMA01342	1	0	1
OMA01343	1	1	1
OMA01344	1	1	1
OMA01345	1	1	1
OMA01346	1	1	1
OMA01347	1	1	1
OMA01348	1	1	1
OMA01349	1	0	1
OMA01350	1	1	1
OMA01351	1	0	1
OMA01352	1	0	1
OMA01353	1	1	1
OMA01354	1	0	1
OMA01355	1	1	1
OMA01356	1	0	1
OMA01357	1	0	1
OMA01358	1	1	1
OMA01359	1	1	1
OMA01360	1	1	1
OMA01361	1	1	1
OMA01362	1	0	1
OMA01363	1	1	1
OMA01364	1	1	1
OMA01365	1	1	1
OMA01366	1	1	1
OMA01367	1	1	1
OMA01368	1	0	1
OMA01369	1	1	1
OMA01370	1	0	1
OMA01371	1	1	1
OMA01372	1	1	1
OMA01373	1	1	1
OMA01374	1	1	1
OMA01375	1	1	1
OMA01376	1	1	1
OMA01377	1	0	1
OMA01378	1	1	1
OMA01379	1	1	1
OMA01380	1	1	1
OMA01381	1	1	1
OMA01382	1	1	1
OMA01383	1	1	1
OMA01384	1	1	1
OMA01385	1	0	1
OMA01386	1	1	1
OMA01387	1	1	1
OMA01388	1	1	1
OMA01389	1	1	1
OMA01390	1	1	1
OMA01391	1	1	1
OMA01392	1	1	1
OMA01393	1	1	1
OMA01394	1	0	1
OMA01395	1	0	1
OMA01396	1	1	1
OMA01397	1	1	1
OMA01398	1	1	1
OMA01399	1	0	1
OMA01400	1	1	1
OMA01401	1	1	1
OMA01402	1	1	1
OMA01403	1	1	1
OMA01404	1	1	1
OMA01405	1	1	1
OMA01406	1	1	1
OMA01407	1	0	1
OMA01408	1	0	1
OMA01409	1	0	1
OMA01410	1	1	1
OMA01411	1	1	1
OMA01412	1	1	1
OMA01413	1	1	1
OMA01414	1	1	1
OMA01415	1	1	1
OMA01416	1	1	1
OMA01417	1	1	1
OMA01418	1	1	1
OMA01419	1	1	1
OMA01420	1	1	1
OMA01421	1	1	1
OMA01422	1	1	1
OMA01423	1	0	1
OMA01424	1	1	1
OMA01425	1	0	1
OMA01426	1	1	1
OMA01427	1	1	1
OMA01428	1	1	1
OMA01429	1	0	1
OMA01430	1	1	1
OMA01431	1	1	1
OMA01432	1	1	1
OMA01433	1	0	1
OMA01434	1	1	1
OMA01435	1	1	1
OMA01436	1	1	1
OMA01437	1	0	1
OMA01438	1	1	1
OMA01439	1	1	1
OMA01440	1	1	1
OMA01441	1	1	1
OMA01442	1	1	1
OMA01443	1	0	1
OMA01444	1	1	1
OMA01445	1	0	1
OMA01446	1	1	1
OMA01447	1	1	1
OMA01448	1	1	1
OMA01449	1	1	1
OMA01450	1	0	1
OMA01451	1	1	1
OMA01452	1	1	1
OMA01453	1	1	1
OMA01454	1	1	1
OMA01455	1	1	1
OMA01456	1	1	1
OMA01457	1	1	1
OMA01458	1	1	1
OMA01459	1	1	1
OMA01460	1	1	1
OMA01461	1	0	1
OMA01462	1	1	1
OMA01463	1	1	1
OMA01464	1	0	1
OMA01465	1	1	1
OMA01466	1	0	1
OMA01467	1	1	1
OMA01468	1	1	1
OMA01469	1	1	1
OMA01470	1	1	1
OMA01471	1	1	1
OMA01472	1	1	1
OMA01473	1	1	1
OMA01474	1	0	1
OMA01475	1	1	1
OMA01476	1	1	1
OMA01477	1	1	1
OMA01478	1	1	1
OMA01479	1	0	1
OMA01480	1	0	1
OMA01481	1	1	1
OMA01482	1	1	1
OMA01483	1	0	1
OMA01484	1	1	1
OMA01485	1	1	1
OMA01486	1	1	1
OMA01487	1	1	1
OMA01488	1	1	1
OMA01489	1	0	1
OMA01490	1	0	1
OMA01491	1	0	1
OMA01492	1	0	1
OMA01493	1	0	1
OMA01494	1	0	1
OMA01495	1	1	1
OMA01496	1	0	1
OMA01497	1	1	1
OMA01498	1	1	1
OMA01499	0	1	1
OMA01500	1	1	1
OMA01501	1	1	1
OMA01502	1	0	1
OMA01503	1	1	1
OMA01504	1	1	1
OMA01505	1	1	1
OMA01506	1	1	1
OMA01507	1	1	1
OMA01508	1	1	1
OMA01509	1	1	1
OMA01510	1	1	1
OMA01511	1	1	1
OMA01512	1	1	1
OMA01513	1	0	1
OMA01514	1	1	1
OMA01515	1	1	1
OMA01516	1	1	1
OMA01517	1	1	1
OMA01518	1	1	1
OMA01519	1	1	1
OMA01520	1	1	1
OMA01521	1	1	1
OMA01522	1	1	1
OMA01523	1	1	1
OMA01524	1	1	1
OMA01525	1	1	1
OMA01526	1	1	1
OMA01527	1	0	1
OMA01528	1	1	1
OMA01529	1	1	1
OMA01530	1	1	1
OMA01531	1	1	1
OMA01532	1	1	1
OMA01533	1	1	1
OMA01534	1	1	1
OMA01535	1	1	1
OMA01536	1	1	1
OMA01537	1	1	1
OMA01538	1	1	1
OMA01539	1	1	1
OMA01540	1	1	1
OMA01541	1	0	1
OMA01542	1	0	1
OMA01543	1	0	1
OMA01544	1	1	1
OMA01545	1	0	1
OMA01546	1	1	1
OMA01547	1	1	1
OMA01548	1	1	1
OMA01549	1	1	1
OMA01550	1	1	1
OMA01551	1	0	1
OMA01552	1	1	1
OMA01553	1	1	1
OMA01554	1	1	1
OMA01555	1	1	1
OMA01556	1	1	1
OMA01557	1	1	1
OMA01558	1	1	1
OMA01559	1	1	1
OMA01560	1	1	1
OMA01561	1	0	1
OMA01562	1	1	1
OMA01563	1	1	1
OMA01564	1	1	1
OMA01565	1	1	1
OMA01566	1	1	1
OMA01567	1	1	1
OMA01568	1	1	1
OMA01569	1	1	1
OMA01570	1	1	1
OMA01571	1	1	1
OMA01572	1	0	1
OMA01573	1	1	1
OMA01574	1	1	1
OMA01575	1	1	1
OMA01576	1	0	1
OMA01577	1	1	1
OMA01578	1	0	1
OMA01579	1	0	1
OMA01580	1	1	1
OMA01581	1	0	1
OMA01582	1	1	1
OMA01583	1	1	1
OMA01584	1	0	1
OMA01585	1	1	1
OMA01586	1	1	1
OMA01587	1	1	1
OMA01588	1	0	1
OMA01589	1	1	1
OMA01590	1	1	1
OMA01591	1	0	1
OMA01592	1	0	1
OMA01593	1	1	1
OMA01594	1	1	1
OMA01595	1	1	1
OMA01596	1	1	1
OMA01597	1	1	1
OMA01598	1	1	1
OMA01599	1	1	1
OMA01600	1	0	1
OMA01601	1	0	1
OMA01602	1	1	1
OMA01603	1	1	1
OMA01604	1	1	1
OMA01605	1	0	1
OMA01606	1	1	1
OMA01607	1	1	1
OMA01608	1	1	1
OMA01609	1	1	1
OMA01610	1	1	1
OMA01611	1	1	1
OMA01612	1	1	1
OMA01613	1	1	1
OMA01614	1	1	1
OMA01615	1	0	1
OMA01616	1	1	1
OMA01617	1	1	1
OMA01618	1	1	1
OMA01619	1	1	1
OMA01620	1	0	1
OMA01621	1	1	1
OMA01622	1	1	1
OMA01623	1	1	1
OMA01624	1	1	1
OMA01625	1	1	1
OMA01626	1	1	1
OMA01627	1	1	1
OMA01628	1	1	1
OMA01629	1	1	1
OMA01630	1	1	1
OMA01631	1	0	1
OMA01632	1	0	1
OMA01633	1	1	1
OMA01634	1	1	1
OMA01635	1	0	1
OMA01636	1	1	1
OMA01637	1	1	1
OMA01638	1	1	1
OMA01639	1	1	1
OMA01640	0	1	1
OMA01641	1	0	1
OMA01642	1	1	1
OMA01643	1	0	1
OMA01644	1	1	1
OMA01645	1	1	1
OMA01646	1	1	1
OMA01647	1	1	1
OMA01648	1	1	1
OMA01649	1	1	1
OMA01650	1	1	1
OMA01651	1	1	1
OMA01652	1	1	1
OMA01653	1	1	1
OMA01654	1	1	1
OMA01655	1	1	1
OMA01656	1	1	1
OMA01657	1	1	1
OMA01658	1	1	1
OMA01659	1	0	1
OMA01660	1	1	1
OMA01661	1	1	1
OMA01662	1	1	1
OMA01663	1	1	1
OMA01664	1	1	1
OMA01665	1	1	1
OMA01666	1	1	1
OMA01667	1	0	1
OMA01668	1	1	1
OMA01669	1	1	1
OMA01670	1	1	1
OMA01671	1	0	1
OMA01672	1	1	1
OMA01673	1	1	1
OMA01674	1	1	1
OMA01675	1	1	1
OMA01676	1	1	1
OMA01677	1	1	1
OMA01678	1	1	1
OMA01679	1	0	1
OMA01680	1	1	1
OMA01681	1	1	1
OMA01682	1	1	1
OMA01683	1	1	1
OMA01684	1	1	1
OMA01685	1	1	0
OMA01686	1	1	1
OMA01687	1	1	1
OMA01688	1	1	1
OMA01689	1	1	1
OMA01690	1	1	1
OMA01691	1	0	1
OMA01692	1	1	1
OMA01693	1	1	1
OMA01694	1	1	1
OMA01695	1	1	1
OMA01696	1	0	1
OMA01697	1	1	1
OMA01698	1	1	1
OMA01699	1	1	1
OMA01700	1	1	1
OMA01701	1	1	1
OMA01702	1	1	1
OMA01703	1	1	1
OMA01704	1	1	1
OMA01705	1	0	1
OMA01706	1	1	1
OMA01707	1	1	1
OMA01708	1	0	1
OMA01709	1	1	1
OMA01710	1	0	1
OMA01711	1	0	1
OMA01712	1	0	1
OMA01713	1	1	1
OMA01714	1	1	1
OMA01715	1	1	1
OMA01716	1	1	1
OMA01717	1	1	1
OMA01718	1	1	1
OMA01719	1	1	1
OMA01720	1	1	1
OMA01721	1	1	1
OMA01722	1	1	1
OMA01723	1	1	1
OMA01724	1	1	1
OMA01725	1	0	1
OMA01726	1	1	1
OMA01727	1	1	1
OMA01728	1	1	1
OMA01729	1	0	1
OMA01730	1	1	1
OMA01731	1	0	1
OMA01732	1	1	1
OMA01733	1	1	1
OMA01734	1	1	1
OMA01735	1	0	1
OMA01736	1	1	1
OMA01737	1	0	1
OMA01738	1	0	1
OMA01739	1	1	1
OMA01740	1	0	1
OMA01741	1	0	1
OMA01742	1	1	1
OMA01743	1	0	1
OMA01744	1	1	1
OMA01745	1	0	1
OMA01746	1	0	1
OMA01747	1	1	1
OMA01748	1	1	1
OMA01749	1	1	1
OMA01750	1	1	1
OMA01751	1	1	1
OMA01752	1	0	1
OMA01753	1	1	1
OMA01754	1	0	1
OMA01755	1	1	1
OMA01756	1	1	1
OMA01757	1	1	1
OMA01758	1	1	1
OMA01759	1	1	1
OMA01760	1	1	1
OMA01761	1	0	1
OMA01762	1	1	1
OMA01763	1	0	1
OMA01764	1	0	1
OMA01765	1	1	1
OMA01766	1	0	1
OMA01767	1	0	1
OMA01768	1	1	1
OMA01769	1	0	1
OMA01770	1	1	1
OMA01771	1	1	1
OMA01772	1	1	1
OMA01773	1	1	1
OMA01774	1	1	1
OMA01775	1	0	1
OMA01776	1	1	1
OMA01777	1	1	1
OMA01778	1	1	1
OMA01779	1	1	1
OMA01780	1	1	1
OMA01781	1	1	1
OMA01782	1	1	1
OMA01783	1	1	1
OMA01784	1	1	1
OMA01785	1	1	1
OMA01786	1	1	1
OMA01787	1	0	1
OMA01788	1	0	1
OMA01789	1	0	1
OMA01790	1	0	1
OMA01791	1	0	1
OMA01792	1	1	1
OMA01793	1	1	1
OMA01794	1	0	1
OMA01795	1	1	1
OMA01796	1	1	1
OMA01797	1	1	1
OMA01798	1	1	1
OMA01799	1	1	1
OMA01800	1	0	1
OMA01801	1	1	1
OMA01802	1	1	1
OMA01803	1	1	1
OMA01804	1	1	1
OMA01805	1	1	1
OMA01806	1	1	1
OMA01807	1	1	1
OMA01808	1	1	1
OMA01809	1	1	1
OMA01810	1	1	1
OMA01811	1	1	1
OMA01812	1	1	1
OMA01813	1	1	1
OMA01814	0	1	1
OMA01815	1	1	1
OMA01816	1	1	1
OMA01817	1	1	1
OMA01818	1	0	1
OMA01819	1	1	1
OMA01820	1	0	1
OMA01821	1	1	1
OMA01822	1	1	1
OMA01823	1	1	1
OMA01824	1	0	1
OMA01825	1	0	1
OMA01826	1	1	1
OMA01827	1	0	1
OMA01828	1	1	1
OMA01829	1	1	1
OMA01830	1	1	1
OMA01831	1	1	1
OMA01832	1	0	1
OMA01833	1	1	1
OMA01834	1	1	1
OMA01835	1	1	1
OMA01836	1	1	1
OMA01837	1	1	1
OMA01838	1	1	1
OMA01839	1	1	1
OMA01840	1	1	1
OMA01841	1	1	1
OMA01842	1	0	1
OMA01843	1	1	1
OMA01844	1	1	1
OMA01845	1	1	1
OMA01846	1	1	1
OMA01847	1	1	1
OMA01848	1	1	1
OMA01849	1	1	1
OMA01850	1	1	1
OMA01851	1	1	1
OMA01852	1	1	1
OMA01853	1	1	1
OMA01854	1	1	1
OMA01855	1	1	1
OMA01856	1	0	1
OMA01857	1	1	1
OMA01858	1	0	1
OMA01859	1	1	1
OMA01860	1	0	1
OMA01861	1	1	1
OMA01862	1	1	1
OMA01863	1	1	1
OMA01864	1	1	1
OMA01865	1	0	1
OMA01866	1	1	1
OMA01867	1	1	1
OMA01868	1	1	1
OMA01869	1	1	1
OMA01870	1	1	1
OMA01871	1	0	1
OMA01872	1	1	1
OMA01873	1	1	1
OMA01874	1	1	1
OMA01875	1	1	1
OMA01876	1	1	1
OMA01877	1	0	1
OMA01878	1	1	1
OMA01879	1	1	1
OMA01880	1	1	1
OMA01881	1	1	1
OMA01882	1	1	1
OMA01883	1	1	1
OMA01884	1	1	1
OMA01885	1	0	1
OMA01886	1	0	1
OMA01887	1	1	1
OMA01888	1	1	1
OMA01889	1	1	1
OMA01890	1	0	1
OMA01891	1	1	1
OMA01892	1	1	1
OMA01893	1	1	1
OMA01894	1	1	1
OMA01895	1	0	1
OMA01896	1	1	1
OMA01897	1	0	1
OMA01898	1	1	1
OMA01899	1	0	1
OMA01900	1	1	1
OMA01901	1	1	1
OMA01902	1	1	1
OMA01903	1	1	1
OMA01904	1	1	1
OMA01905	1	1	1
OMA01906	1	1	1
OMA01907	1	0	1
OMA01908	1	1	1
OMA01909	1	1	1
OMA01910	1	1	1
OMA01911	1	0	1
OMA01912	1	1	1
OMA01913	1	1	1
OMA01914	1	1	1
OMA01915	1	1	1
OMA01916	1	0	1
OMA01917	1	0	1
OMA01918	1	1	1
OMA01919	1	1	1
OMA01920	1	0	1
OMA01921	1	1	1
OMA01922	1	1	1
OMA01923	1	1	1
OMA01924	1	1	1
OMA01925	1	1	1
OMA01926	1	1	1
OMA01927	1	0	1
OMA01928	1	1	1
OMA01929	1	0	1
OMA01930	1	1	1
OMA01931	1	1	1
OMA01932	1	1	1
OMA01933	1	1	1
OMA01934	1	1	1
OMA01935	1	1	1
OMA01936	1	1	1
OMA01937	1	1	1
OMA01938	1	1	1
OMA01939	1	1	1
OMA01940	1	1	1
OMA01941	1	1	1
OMA01942	1	0	1
OMA01943	1	0	1
OMA01944	1	1	1
OMA01945	1	1	1
OMA01946	1	0	1
OMA01947	1	1	1
OMA01948	1	1	1
OMA01949	1	1	1
OMA01950	1	1	1
OMA01951	1	1	1
OMA01952	1	1	1
OMA01953	1	1	1
OMA01954	1	0	1
OMA01955	1	1	1
OMA01956	1	1	1
OMA01957	1	0	1
OMA01958	1	1	1
OMA01959	1	1	1
OMA01960	1	1	1
OMA01961	1	1	1
OMA01962	1	1	1
OMA01963	1	1	1
OMA01964	1	1	1
OMA01965	1	0	1
OMA01966	1	0	1
OMA01967	1	0	1
OMA01968	1	1	1
OMA01969	1	1	1
OMA01970	1	1	1
OMA01971	1	1	1
OMA01972	1	1	1
OMA01973	1	0	1
OMA01974	1	1	1
OMA01975	1	1	1
OMA01976	1	1	1
OMA01977	1	1	1
OMA01978	1	1	1
OMA01979	1	0	1
OMA01980	1	0	1
OMA01981	1	1	1
OMA01982	1	1	1
OMA01983	1	1	1
OMA01984	1	1	1
OMA01985	1	1	1
OMA01986	1	0	1
OMA01987	1	1	1
OMA01988	1	1	1
OMA01989	1	1	1
OMA01990	1	1	1
OMA01991	1	1	1
OMA01992	1	0	1
OMA01993	1	1	1
OMA01994	1	0	1
OMA01995	1	1	1
OMA01996	1	1	1
OMA01997	1	0	1
OMA01998	1	1	1
OMA01999	1	1	1
OMA02000	1	0	1
OMA02001	1	1	1
OMA02002	1	1	1
OMA02003	1	1	1
OMA02004	1	1	1
OMA02005	1	1	1
OMA02006	1	1	1
OMA02007	1	1	1
OMA02008	1	1	1
OMA02009	1	1	1
OMA02010	1	0	1
OMA02011	1	0	1
OMA02012	1	1	1
OMA02013	1	0	1
OMA02014	1	1	1
OMA02015	1	1	1
OMA02016	1	0	1
OMA02017	1	0	1
OMA02018	1	1	1
OMA02019	1	1	1
OMA02020	1	1	1
OMA02021	1	1	1
OMA02022	1	1	1
OMA02023	1	1	1
OMA02024	1	1	0
OMA02025	1	0	1
OMA02026	1	1	1
OMA02027	1	1	1
OMA02028	1	1	1
OMA02029	1	1	1
OMA02030	1	1	1
OMA02031	1	1	1
OMA02032	1	0	1
OMA02033	1	0	1
OMA02034	1	0	1
OMA02035	1	1	1
OMA02036	1	1	1
OMA02037	1	1	1
OMA02038	1	0	1
OMA02039	1	1	1
OMA02040	1	1	1
OMA02041	1	1	1
OMA02042	1	1	1
OMA02043	1	1	1
OMA02044	1	1	1
OMA02045	1	1	1
OMA02046	1	1	1
OMA02047	1	1	1
OMA02048	1	1	1
OMA02049	1	1	1
OMA02050	1	1	1
OMA02051	1	1	1
OMA02052	1	1	1
OMA02053	1	0	1
OMA02054	1	1	1
OMA02055	1	1	1
OMA02056	1	0	1
OMA02057	1	1	1
OMA02058	1	1	1
OMA02059	1	0	1
OMA02060	1	1	1
OMA02061	1	1	1
OMA02062	1	0	1
OMA02063	1	0	1
OMA02064	1	0	1
OMA02065	1	1	1
OMA02066	1	1	1
OMA02067	1	1	1
OMA02068	1	0	1
OMA02069	1	1	1
OMA02070	1	0	1
OMA02071	1	1	1
OMA02072	1	1	1
OMA02073	1	1	1
OMA02074	1	1	1
OMA02075	1	1	1
OMA02076	1	1	1
OMA02077	1	1	1
OMA02078	1	1	1
OMA02079	1	0	1
OMA02080	1	1	1
OMA02081	1	1	1
OMA02082	1	1	1
OMA02083	1	1	1
OMA02084	1	1	1
OMA02085	1	0	1
OMA02086	1	1	1
OMA02087	1	1	1
OMA02088	1	1	1
OMA02089	1	0	1
OMA02090	1	0	1
OMA02091	1	1	1
OMA02092	1	1	1
OMA02093	1	1	1
OMA02094	1	1	1
OMA02095	1	0	1
OMA02096	1	1	1
OMA02097	1	1	1
OMA02098	1	0	1
OMA02099	1	1	1
OMA02100	1	0	1
OMA02101	1	1	1
OMA02102	1	1	1
OMA02103	1	1	1
OMA02104	1	1	1
OMA02105	1	0	1
OMA02106	1	1	1
OMA02107	1	1	1
OMA02108	1	0	1
OMA02109	1	1	1
OMA02110	1	1	1
OMA02111	1	1	1
OMA02112	1	1	1
OMA02113	1	1	1
OMA02114	1	1	1
OMA02115	1	0	1
OMA02116	1	1	1
OMA02117	1	1	1
OMA02118	1	1	1
OMA02119	1	1	1
OMA02120	1	1	1
OMA02121	1	0	1
OMA02122	1	1	1
OMA02123	1	1	1
OMA02124	1	1	1
OMA02125	1	1	1
OMA02126	1	0	1
OMA02127	1	1	1
OMA02128	1	1	1
OMA02129	1	0	1
OMA02130	1	0	1
OMA02131	1	1	1
OMA02132	1	1	1
OMA02133	1	0	1
OMA02134	1	1	1
OMA02135	1	0	1
OMA02136	1	1	1
OMA02137	1	1	1
OMA02138	1	1	1
OMA02139	1	1	1
OMA02140	1	0	1
OMA02141	1	1	1
OMA02142	1	1	1
OMA02143	1	1	1
OMA02144	1	1	1
OMA02145	1	1	1
OMA02146	1	1	1
OMA02147	1	1	1
OMA02148	1	1	1
OMA02149	1	1	1
OMA02150	1	1	1
OMA02151	1	1	1
OMA02152	1	0	1
OMA02153	1	1	1
OMA02154	1	1	1
OMA02155	1	0	1
OMA02156	1	1	1
OMA02157	1	1	1
OMA02158	1	0	1
OMA02159	1	0	1
OMA02160	1	1	1
OMA02161	1	1	1
OMA02162	1	1	1
OMA02163	1	1	1
OMA02164	1	1	1
OMA02165	1	1	1
OMA02166	1	1	1
OMA02167	1	1	1
OMA02168	1	1	1
OMA02169	1	1	1
OMA02170	1	1	1
OMA02171	1	1	1
OMA02172	1	1	1
OMA02173	1	1	1
OMA02174	1	1	1
OMA02175	1	0	1
OMA02176	1	1	1
OMA02177	1	0	1
OMA02178	1	1	1
OMA02179	1	1	1
OMA02180	1	0	1
OMA02181	1	0	1
OMA02182	1	1	1
OMA02183	1	1	1
OMA02184	1	0	1
OMA02185	1	1	1
OMA02186	1	0	1
OMA02187	1	0	1
OMA02188	1	1	1
OMA02189	1	1	1
OMA02190	1	1	1
OMA02191	1	1	1
OMA02192	1	1	1
OMA02193	1	0	1
OMA02194	1	1	1
OMA02195	1	1	1
OMA02196	1	1	1
OMA02197	1	1	1
OMA02198	1	1	1
OMA02199	1	0	1
OMA02200	1	1	1
OMA02201	1	1	1
OMA02202	1	1	1
OMA02203	1	1	1
OMA02204	1	0	1
OMA02205	1	1	1
OMA02206	1	1	1
OMA02207	1	1	1
OMA02208	1	1	1
OMA02209	1	1	1
OMA02210	1	1	1
OMA02211	1	1	0
OMA02212	1	1	1
OMA02213	1	1	1
OMA02214	1	1	1
OMA02215	1	1	1
OMA02216	1	1	1
OMA02217	1	0	1
OMA02218	1	1	1
OMA02219	1	1	1
OMA02220	1	1	1
OMA02221	1	1	1
OMA02222	1	1	1
OMA02223	1	1	1
OMA02224	1	1	1
OMA02225	1	1	1
OMA02226	1	1	1
OMA02227	1	1	1
OMA02228	1	1	1
OMA02229	1	1	1
OMA02230	1	1	1
OMA02231	1	0	1
OMA02232	1	1	1
OMA02233	1	1	1
OMA02234	1	0	1
OMA02235	1	0	1
OMA02236	1	1	1
OMA02237	1	1	1
OMA02238	1	1	1
OMA02239	1	0	1
OMA02240	1	0	1
OMA02241	1	1	1
OMA02242	1	0	1
OMA02243	1	1	1
OMA02244	1	1	1
OMA02245	1	1	1
OMA02246	1	1	1
OMA02247	1	1	1
OMA02248	1	1	1
OMA02249	1	0	1
OMA02250	1	0	1
OMA02251	1	1	1
OMA02252	1	1	1
OMA02253	1	1	1
OMA02254	1	1	1
OMA02255	1	0	1
OMA02256	1	1	1
OMA02257	1	1	1
OMA02258	1	0	1
OMA02259	1	0	1
OMA02260	1	0	1
OMA02261	1	1	1
OMA02262	1	1	1
OMA02263	1	1	1
OMA02264	1	1	1
OMA02265	1	1	1
OMA02266	1	1	1
OMA02267	1	1	1
OMA02268	1	1	1
OMA02269	1	1	0
OMA02270	1	1	1
OMA02271	1	1	1
OMA02272	1	1	1
OMA02273	1	1	1
OMA02274	1	1	1
OMA02275	1	0	1
OMA02276	1	1	1
OMA02277	1	1	1
OMA02278	1	1	1
OMA02279	1	0	1
OMA02280	1	1	1
OMA02281	1	1	1
OMA02282	1	1	1
OMA02283	1	0	1
OMA02284	1	1	1
OMA02285	1	1	1
OMA02286	1	1	1
OMA02287	1	1	1
OMA02288	1	1	1
OMA02289	1	1	1
OMA02290	1	1	1
OMA02291	1	1	1
OMA02292	1	1	1
OMA02293	1	1	1
OMA02294	1	1	1
OMA02295	1	0	1
OMA02296	1	1	1
OMA02297	1	1	1
OMA02298	1	0	1
OMA02299	1	1	1
OMA02300	1	0	1
OMA02301	1	1	1
OMA02302	1	1	1
OMA02303	1	1	1
OMA02304	1	1	1
OMA02305	1	1	1
OMA02306	1	1	1
OMA02307	1	1	1
OMA02308	1	0	1
OMA02309	1	1	1
OMA02310	1	1	1
OMA02311	1	0	1
OMA02312	1	0	1
OMA02313	1	0	1
OMA02314	1	1	1
OMA02315	1	1	1
OMA02316	1	1	1
OMA02317	1	1	1
OMA02318	1	1	1
OMA02319	1	1	1
OMA02320	1	0	1
OMA02321	1	1	1
OMA02322	1	0	1
OMA02323	1	1	1
OMA02324	1	1	1
OMA02325	1	1	1
OMA02326	1	1	1
OMA02327	1	0	1
OMA02328	1	1	1
OMA02329	1	0	1
OMA02330	1	1	1
OMA02331	1	1	1
OMA02332	1	1	1
OMA02333	1	1	1
OMA02334	1	1	1
OMA02335	1	0	1
OMA02336	1	1	1
OMA02337	1	1	1
OMA02338	1	1	1
OMA02339	1	1	1
OMA02340	1	1	1
OMA02341	1	1	1
OMA02342	1	1	1
OMA02343	1	1	1
OMA02344	1	1	1
OMA02345	1	1	1
OMA02346	1	1	1
OMA02347	1	1	1
OMA02348	1	0	1
OMA02349	1	1	1
OMA02350	1	0	1
OMA02351	1	1	1
OMA02352	1	0	1
OMA02353	1	1	1
OMA02354	1	0	1
OMA02355	1	1	1
OMA02356	1	0	1
OMA02357	1	1	1
OMA02358	1	1	1
OMA02359	1	0	1
OMA02360	1	0	1
OMA02361	1	1	1
OMA02362	1	1	1
OMA02363	1	1	1
OMA02364	1	1	1
OMA02365	1	1	1
OMA02366	1	1	1
OMA02367	1	1	1
OMA02368	1	1	1
OMA02369	1	1	1
OMA02370	1	1	1
OMA02371	1	0	1
OMA02372	1	1	1
OMA02373	1	1	1
OMA02374	1	1	1
OMA02375	1	0	1
OMA02376	1	0	1
OMA02377	1	1	1
OMA02378	1	1	1
OMA02379	1	0	1
OMA02380	1	0	1
OMA02381	1	1	1
OMA02382	1	1	1
OMA02383	1	1	1
OMA02384	1	1	1
OMA02385	1	1	1
OMA02386	1	1	1
OMA02387	1	1	1
OMA02388	1	1	1
OMA02389	1	1	1
OMA02390	1	1	1
OMA02391	1	1	1
OMA02392	1	0	1
OMA02393	1	0	1
OMA02394	1	1	1
OMA02395	1	1	1
OMA02396	1	0	1
OMA02397	1	1	1
OMA02398	1	0	1
OMA02399	1	1	1
OMA02400	1	1	1
OMA02401	1	1	1
OMA02402	1	1	1
OMA02403	1	1	1
OMA02404	1	1	1
OMA02405	1	1	1
OMA02406	1	0	1
OMA02407	1	1	1
OMA02408	1	1	1
OMA02409	1	1	1
OMA02410	1	1	1
OMA02411	1	1	1
OMA02412	1	1	1
OMA02413	1	1	1
OMA02414	1	1	1
OMA02415	1	1	1
OMA02416	1	1	1
OMA02417	1	1	1
OMA02418	1	0	1
OMA02419	1	0	1
OMA02420	1	1	1
OMA02421	1	1	1
OMA02422	1	1	1
OMA02423	1	1	1
OMA02424	1	1	1
OMA02425	1	1	1
OMA02426	1	1	1
OMA02427	1	1	1
OMA02428	1	0	1
OMA02429	1	1	1
OMA02430	1	1	1
OMA02431	1	1	1
OMA02432	1	0	1
OMA02433	1	1	1
OMA02434	1	1	1
OMA02435	1	1	1
OMA02436	1	1	1
OMA02437	1	0	1
OMA02438	1	1	1
OMA02439	1	1	1
OMA02440	1	1	1
OMA02441	1	1	1
OMA02442	1	1	1
OMA02443	0	1	1
OMA02444	1	1	1
OMA02445	1	1	1
OMA02446	1	0	1
OMA02447	1	1	1
OMA02448	1	1	1
OMA02449	1	1	1
OMA02450	1	1	1
OMA02451	1	1	1
OMA02452	1	1	1
OMA02453	1	0	1
OMA02454	1	1	1
OMA02455	1	0	1
OMA02456	1	1	1
OMA02457	1	1	1
OMA02458	1	1	1
OMA02459	1	1	1
OMA02460	1	1	1
OMA02461	1	0	1
OMA02462	1	1	1
OMA02463	1	1	1
OMA02464	1	1	1
OMA02465	1	1	1
OMA02466	1	0	1
OMA02467	1	1	1
OMA02468	1	1	1
OMA02469	1	1	1
OMA02470	1	1	1
OMA02471	1	0	1
OMA02472	1	1	1
OMA02473	1	1	1
OMA02474	1	0	1
OMA02475	1	1	1
OMA02476	1	1	1
OMA02477	1	1	1
OMA02478	1	1	1
OMA02479	1	1	1
OMA02480	1	1	1
OMA02481	1	1	1
OMA02482	1	0	1
OMA02483	1	1	1
OMA02484	1	1	1
OMA02485	1	1	1
OMA02486	1	1	1
OMA02487	1	0	1
OMA02488	1	0	1
OMA02489	1	1	1
OMA02490	1	1	1
OMA02491	1	0	1
OMA02492	1	1	1
OMA02493	1	0	1
OMA02494	1	0	1
OMA02495	1	1	1
OMA02496	1	0	1
OMA02497	1	1	1
OMA02498	1	1	1
OMA02499	1	1	1
OMA02500	1	1	1
OMA02501	1	1	1
OMA02502	1	1	1
OMA02503	1	1	1
OMA02504	1	1	1
OMA02505	1	1	1
OMA02506	1	0	1
OMA02507	1	1	1
OMA02508	1	1	1
OMA02509	1	1	1
OMA02510	1	1	1
OMA02511	1	1	1
OMA02512	1	1	1
OMA02513	1	0	1
OMA02514	1	1	1
OMA02515	1	1	1
OMA02516	1	1	1
OMA02517	1	1	1
OMA02518	1	1	1
OMA02519	1	0	1
OMA02520	1	1	1
OMA02521	1	1	1
OMA02522	1	0	1
OMA02523	1	1	1
OMA02524	1	0	1
OMA02525	1	1	1
OMA02526	1	1	1
OMA02527	1	1	1
OMA02528	1	1	1
OMA02529	1	1	1
OMA02530	1	0	1
OMA02531	1	1	1
OMA02532	1	1	1
OMA02533	1	1	1
OMA02534	1	1	1
OMA02535	1	1	1
OMA02536	1	1	1
OMA02537	1	1	1
OMA02538	1	1	1
OMA02539	1	1	1
OMA02540	1	1	1
OMA02541	1	1	1
OMA02542	1	1	1
OMA02543	1	1	1
OMA02544	1	0	1
OMA02545	1	0	1
OMA02546	1	0	1
OMA02547	1	1	1
OMA02548	1	0	1
OMA02549	1	0	1
OMA02550	1	1	1
OMA02551	1	1	1
OMA02552	1	0	1
OMA02553	1	1	1
OMA02554	1	1	1
OMA02555	1	0	1
OMA02556	1	1	1
OMA02557	1	1	1
OMA02558	1	1	1
OMA02559	1	0	1
OMA02560	1	1	1
OMA02561	1	1	1
OMA02562	1	1	1
OMA02563	1	1	1
OMA02564	1	1	1
OMA02565	1	1	1
OMA02566	1	0	1
OMA02567	1	1	1
OMA02568	1	1	1
OMA02569	1	0	1
OMA02570	1	1	1
OMA02571	1	1	1
OMA02572	1	1	1
OMA02573	1	1	1
OMA02574	1	1	1
OMA02575	1	1	1
OMA02576	1	1	1
OMA02577	1	1	1
OMA02578	1	0	1
OMA02579	1	1	1
OMA02580	1	0	1
OMA02581	1	1	1
OMA02582	1	0	1
OMA02583	1	0	1
OMA02584	1	1	1
OMA02585	1	1	1
OMA02586	1	1	1
OMA02587	1	1	1
OMA02588	1	1	1
OMA02589	1	0	1
OMA02590	1	0	1
OMA02591	1	1	1
OMA02592	1	0	1
OMA02593	1	1	1
OMA02594	1	1	1
OMA02595	1	1	1
OMA02596	1	0	1
OMA02597	1	0	1
OMA02598	1	1	1
OMA02599	1	0	1
OMA02600	1	1	1
OMA02601	1	1	1
OMA02602	1	1	1
OMA02603	1	1	1
OMA02604	1	1	1
OMA02605	1	0	1
OMA02606	1	1	1
OMA02607	1	1	1
OMA02608	1	1	1
OMA02609	1	1	1
OMA02610	1	0	1
OMA02611	1	1	1
OMA02612	1	1	1
OMA02613	1	1	1
OMA02614	1	1	1
OMA02615	1	1	1
OMA02616	1	1	1
OMA02617	1	1	1
OMA02618	1	1	1
OMA02619	1	0	1
OMA02620	1	1	1
OMA02621	1	0	1
OMA02622	1	1	1
OMA02623	1	1	1
OMA02624	1	1	1
OMA02625	1	1	1
OMA02626	1	1	1
OMA02627	1	1	1
OMA02628	1	1	1
OMA02629	1	1	1
OMA02630	1	1	1
OMA02631	1	1	1
OMA02632	1	1	1
OMA02633	1	1	1
OMA02634	1	1	1
OMA02635	1	1	1
OMA02636	1	1	1
OMA02637	1	1	1
OMA02638	1	0	1
OMA02639	1	1	1
OMA02640	1	1	1
OMA02641	1	1	1
OMA02642	1	1	1
OMA02643	1	1	1
OMA02644	1	0	1
OMA02645	1	1	1
OMA02646	1	0	1
OMA02647	1	1	1
OMA02648	1	1	1
OMA02649	1	1	1
OMA02650	1	1	1
OMA02651	1	1	1
OMA02652	1	1	1
OMA02653	1	1	1
OMA02654	1	1	1
OMA02655	1	1	1
OMA02656	1	1	1
OMA02657	0	1	1
OMA02658	1	1	1
OMA02659	1	1	1
OMA02660	1	1	1
OMA02661	1	1	1
OMA02662	1	1	1
OMA02663	1	1	1
OMA02664	1	1	1
OMA02665	1	1	1
OMA02666	1	1	1
OMA02667	1	1	1
OMA02668	1	1	1
OMA02669	1	0	1
OMA02670	1	1	1
OMA02671	1	1	1
OMA02672	1	0	1
OMA02673	1	1	1
OMA02674	1	1	1
OMA02675	1	1	1
OMA02676	1	0	1
OMA02677	1	1	1
OMA02678	1	1	1
OMA02679	1	1	1
OMA02680	1	1	1
OMA02681	1	1	1
OMA02682	1	1	1
OMA02683	1	1	1
OMA02684	1	1	1
OMA02685	1	0	1
OMA02686	1	1	1
OMA02687	1	1	1
OMA02688	1	1	1
OMA02689	1	1	1
OMA02690	1	0	1
OMA02691	1	0	1
OMA02692	1	0	1
OMA02693	1	1	1
OMA02694	1	1	1
OMA02695	1	0	1
OMA02696	1	0	1
OMA02697	1	1	1
OMA02698	1	1	1
OMA02699	1	1	0
OMA02700	1	1	1
OMA02701	1	1	1
OMA02702	1	1	1
OMA02703	1	1	1
OMA02704	1	1	1
OMA02705	1	0	1
OMA02706	1	1	1
OMA02707	1	1	1
OMA02708	1	0	1
OMA02709	1	1	1
OMA02710	1	1	1
OMA02711	1	1	1
OMA02712	1	1	1
OMA02713	1	0	1
OMA02714	1	1	1
OMA02715	1	0	1
OMA02716	1	0	1
OMA02717	1	1	1
OMA02718	1	0	1
OMA02719	1	1	1
OMA02720	1	1	1
OMA02721	1	1	1
OMA02722	1	1	1
OMA02723	1	1	1
OMA02724	1	1	1
OMA02725	1	1	1
OMA02726	1	1	1
OMA02727	1	1	1
OMA02728	1	1	1
OMA02729	1	1	1
OMA02730	1	1	1
OMA02731	1	1	1
OMA02732	1	0	1
OMA02733	1	1	1
OMA02734	1	1	1
OMA02735	1	1	1
OMA02736	1	1	1
OMA02737	1	1	1
OMA02738	1	0	1
OMA02739	1	1	1
OMA02740	1	1	1
OMA02741	1	1	1
OMA02742	1	1	1
OMA02743	1	1	1
OMA02744	1	1	1
OMA02745	1	1	1
OMA02746	1	0	1
OMA02747	0	1	1
OMA02748	1	1	1
OMA02749	1	1	1
OMA02750	1	1	1
OMA02751	1	1	1
OMA02752	1	1	1
OMA02753	1	1	1
OMA02754	1	1	1
OMA02755	1	1	1
OMA02756	1	1	1
OMA02757	1	1	1
OMA02758	1	1	1
OMA02759	1	1	1
OMA02760	1	1	1
OMA02761	1	1	1
OMA02762	1	1	1
OMA02763	1	0	1
OMA02764	1	1	1
OMA02765	1	1	1
OMA02766	1	1	1
OMA02767	1	0	1
OMA02768	1	1	1
OMA02769	1	0	1
OMA02770	1	1	1
OMA02771	1	1	1
OMA02772	1	0	1
OMA02773	1	1	1
OMA02774	1	1	1
OMA02775	1	0	1
OMA02776	1	1	1
OMA02777	1	1	1
OMA02778	1	1	1
OMA02779	1	1	1
OMA02780	1	0	1
OMA02781	1	1	1
OMA02782	1	0	1
OMA02783	1	1	1
OMA02784	1	1	1
OMA02785	1	0	1
OMA02786	1	1	1
OMA02787	1	1	1
OMA02788	1	0	1
OMA02789	1	0	1
OMA02790	1	1	1
OMA02791	1	0	1
OMA02792	1	1	1
OMA02793	1	1	1
OMA02794	1	0	1
OMA02795	1	0	1
OMA02796	1	1	1
OMA02797	1	1	1
OMA02798	1	1	1
OMA02799	1	1	1
OMA02800	1	0	1
OMA02801	1	1	1
OMA02802	1	0	1
OMA02803	1	0	1
OMA02804	1	1	1
OMA02805	1	1	1
OMA02806	1	0	1
OMA02807	1	1	1
OMA02808	1	1	1
OMA02809	1	1	1
OMA02810	1	1	1
OMA02811	1	1	1
OMA02812	1	1	1
OMA02813	1	1	1
OMA02814	1	0	1
OMA02815	1	1	1
OMA02816	1	1	1
OMA02817	1	1	1
OMA02818	1	1	1
OMA02819	1	1	1
OMA02820	1	1	1
OMA02821	1	0	1
OMA02822	1	0	1
OMA02823	1	0	1
OMA02824	1	1	1
OMA02825	1	1	1
OMA02826	1	1	1
OMA02827	1	1	1
OMA02828	1	1	1
OMA02829	1	1	1
OMA02830	1	0	1
OMA02831	1	1	1
OMA02832	1	1	1
OMA02833	1	1	1
OMA02834	1	1	1
OMA02835	1	0	1
OMA02836	1	1	1
OMA02837	1	1	1
OMA02838	1	1	1
OMA02839	1	1	1
OMA02840	1	1	1
OMA02841	1	1	1
OMA02842	1	1	1
OMA02843	1	1	1
OMA02844	1	1	1
OMA02845	1	1	1
OMA02846	1	1	1
OMA02847	1	1	1
OMA02848	1	1	1
OMA02849	1	1	1
OMA02850	1	0	1
OMA02851	1	1	1
OMA02852	1	1	1
OMA02853	1	1	1
OMA02854	1	1	1
OMA02855	1	0	1
OMA02856	1	1	1
OMA02857	1	0	1
OMA02858	1	1	1
OMA02859	1	0	1
OMA02860	0	1	1
OMA02861	1	0	1
OMA02862	1	1	1
OMA02863	1	0	1
OMA02864	1	1	1
OMA02865	1	1	1
OMA02866	1	1	1
OMA02867	1	1	1
OMA02868	1	1	1
OMA02869	1	1	1
OMA02870	1	1	1
OMA02871	1	1	1
OMA02872	1	1	1
OMA02873	1	0	1
OMA02874	1	1	1
OMA02875	1	1	1
OMA02876	1	0	1
OMA02877	1	1	1
OMA02878	1	1	1
OMA02879	1	0	1
OMA02880	1	1	1
OMA02881	1	1	1
OMA02882	1	1	1
OMA02883	1	0	1
OMA02884	1	0	1
OMA02885	1	1	1
OMA02886	1	1	1
OMA02887	1	1	1
OMA02888	1	0	1
OMA02889	1	1	1
OMA02890	1	1	1
OMA02891	1	0	1
OMA02892	1	1	1
OMA02893	1	1	1
OMA02894	1	1	1
OMA02895	1	1	1
OMA02896	1	1	1
OMA02897	1	1	1
OMA02898	1	1	1
OMA02899	1	1	1
OMA02900	1	1	1
OMA02901	1	1	1
OMA02902	1	1	1
OMA02903	1	1	1
OMA02904	1	0	1
OMA02905	1	1	1
OMA02906	1	1	1
OMA02907	1	1	1
OMA02908	1	1	1
OMA02909	1	1	1
OMA02910	1	1	1
OMA02911	1	1	1
OMA02912	1	1	1
OMA02913	1	1	1
OMA02914	1	1	1
OMA02915	1	1	1
OMA02916	1	1	1
OMA02917	1	1	1
OMA02918	1	1	1
OMA02919	1	0	1
OMA02920	1	1	1
OMA02921	1	1	1
OMA02922	1	1	1
OMA02923	1	1	1
OMA02924	1	1	1
OMA02925	1	1	1
OMA02926	1	1	1
OMA02927	1	0	1
OMA02928	1	1	1
OMA02929	1	1	1
OMA02930	1	1	1
OMA02931	1	1	1
OMA02932	1	1	1
OMA02933	1	1	1
OMA02934	1	1	1
OMA02935	1	1	1
OMA02936	1	1	1
OMA02937	1	1	1
OMA02938	1	1	1
OMA02939	1	0	1
OMA02940	1	0	1
OMA02941	1	1	1
OMA02942	1	0	1
OMA02943	1	1	1
OMA02944	1	1	1
OMA02945	1	1	0
OMA02946	1	1	1
OMA02947	1	0	1
OMA02948	1	1	1
OMA02949	1	1	1
OMA02950	1	1	1
OMA02951	1	1	1
OMA02952	1	1	1
OMA02953	1	1	1
OMA02954	1	0	1
OMA02955	1	1	1
OMA02956	1	1	1
OMA02957	1	1	1
OMA02958	1	1	1
OMA02959	1	1	1
OMA02960	1	1	1
OMA02961	1	1	1
OMA02962	1	0	1
OMA02963	1	1	1
OMA02964	1	1	1
OMA02965	1	1	1
OMA02966	1	1	1
OMA02967	1	1	1
OMA02968	1	0	1
OMA02969	1	1	1
OMA02970	1	1	1
OMA02971	1	1	1
OMA02972	1	0	1
OMA02973	1	0	1
OMA02974	1	1	1
OMA02975	0	1	1
OMA02976	1	1	1
OMA02977	1	1	1
OMA02978	1	1	1
OMA02979	1	0	1
OMA02980	1	1	1
OMA02981	1	1	1
OMA02982	1	0	1
OMA02983	1	1	1
OMA02984	1	1	1
OMA02985	1	1	1
OMA02986	1	1	1
OMA02987	1	0	1
OMA02988	1	0	1
OMA02989	1	1	1
OMA02990	1	1	1
OMA02991	1	1	1
OMA02992	1	1	1
OMA02993	1	1	1
OMA02994	1	0	1
OMA02995	1	1	1
OMA02996	1	1	1
OMA02997	1	0	1
OMA02998	1	1	1
OMA02999	1	1	1
OMA03000	1	0	1
OMA03001	1	1	1
OMA03002	1	1	1
OMA03003	1	1	1
OMA03004	1	1	1
OMA03005	1	1	1
OMA03006	1	1	1
OMA03007	1	1	1
OMA03008	1	1	1
OMA03009	1	1	1
OMA03010	1	1	1
OMA03011	1	0	1
OMA03012	1	1	1
OMA03013	1	1	1
OMA03014	1	1	1
OMA03015	1	1	1
OMA03016	1	0	1
OMA03017	1	1	1
OMA03018	1	1	1
OMA03019	1	1	1
OMA03020	1	0	1
OMA03021	1	1	1
OMA03022	1	0	1
OMA03023	1	1	1
OMA03024	1	1	1
OMA03025	1	1	1
OMA03026	1	1	1
OMA03027	1	0	1
OMA03028	1	1	1
OMA03029	1	0	1
OMA03030	1	1	1
OMA03031	1	0	1
OMA03032	1	1	1
OMA03033	1	0	1
OMA03034	1	0	1
OMA03035	1	1	1
OMA03036	1	1	1
OMA03037	1	1	1
OMA03038	1	1	1
OMA03039	1	1	1
OMA03040	1	1	1
OMA03041	1	1	1
OMA03042	1	1	1
OMA03043	1	0	1
OMA03044	1	1	1
OMA03045	1	1	1
OMA03046	1	1	1
OMA03047	1	1	1
OMA03048	1	0	1
OMA03049	1	1	1
OMA03050	1	0	1
OMA03051	1	1	1
OMA03052	1	1	1
OMA03053	1	0	1
OMA03054	1	1	1
OMA03055	1	0	1
OMA03056	1	1	1
OMA03057	1	1	1
OMA03058	1	1	1
OMA03059	1	0	1
OMA03060	1	1	1
OMA03061	1	0	1
OMA03062	1	1	1
OMA03063	1	1	1
OMA03064	1	1	1
OMA03065	1	1	1
OMA03066	1	0	1
OMA03067	1	1	1
OMA03068	1	1	1
OMA03069	1	1	1
OMA03070	1	0	1
OMA03071	1	1	1
OMA03072	1	1	1
OMA03073	1	1	1
OMA03074	1	0	1
OMA03075	1	0	1
OMA03076	1	1	1
OMA03077	1	1	1
OMA03078	1	1	1
OMA03079	1	0	1
OMA03080	1	1	1
OMA03081	1	1	1
OMA03082	1	1	1
OMA03083	1	1	1
OMA03084	1	0	1
OMA03085	1	1	1
OMA03086	1	0	1
OMA03087	1	1	1
OMA03088	1	1	1
OMA03089	1	1	1
OMA03090	1	1	1
OMA03091	1	1	1
OMA03092	1	1	0
OMA03093	1	1	1
OMA03094	1	1	1
OMA03095	1	1	1
OMA03096	1	1	1
OMA03097	1	1	1
OMA03098	1	1	1
OMA03099	1	1	1
OMA03100	1	1	1
OMA03101	1	1	1
OMA03102	1	1	1
OMA03103	1	0	1
OMA03104	1	1	1
OMA03105	1	1	1
OMA03106	1	1	1
OMA03107	1	1	1
OMA03108	1	1	1
OMA03109	1	0	1
OMA03110	1	1	1
OMA03111	1	1	1
OMA03112	1	1	1
OMA03113	1	1	1
OMA03114	1	1	1
OMA03115	1	1	1
OMA03116	1	1	1
OMA03117	1	1	1
OMA03118	1	1	1
OMA03119	1	1	1
OMA03120	1	1	1
OMA03121	1	1	1
OMA03122	0	1	1
OMA03123	1	1	1
OMA03124	1	1	1
OMA03125	1	1	1
OMA03126	1	1	1
OMA03127	1	1	1
OMA03128	0	1	1
OMA03129	1	1	1
OMA03130	1	1	1
OMA03131	1	1	1
OMA03132	1	1	1
OMA03133	1	1	1
OMA03134	1	1	1
OMA03135	1	0	1
OMA03136	1	1	1
OMA03137	1	1	1
OMA03138	1	0	1
OMA03139	1	1	1
OMA03140	1	1	1
OMA03141	1	1	1
OMA03142	1	1	1
OMA03143	1	0	1
OMA03144	1	1	1
OMA03145	1	1	1
OMA03146	1	0	1
OMA03147	1	1	1
OMA03148	1	1	1
OMA03149	1	1	1
OMA03150	1	1	1
OMA03151	1	1	1
OMA03152	1	1	1
OMA03153	1	1	1
OMA03154	1	1	1
OMA03155	1	0	1
OMA03156	1	1	1
OMA03157	1	1	1
OMA03158	1	1	1
OMA03159	1	1	1
OMA03160	1	1	1
OMA03161	1	1	1
OMA03162	1	1	1
OMA03163	1	1	1
OMA03164	1	1	1
OMA03165	1	1	1
OMA03166	1	0	1
OMA03167	1	1	1
OMA03168	1	0	1
OMA03169	1	1	1
OMA03170	1	1	1
OMA03171	1	1	1
OMA03172	1	1	1
OMA03173	1	0	1
OMA03174	1	1	1
OMA03175	1	1	1
OMA03176	1	1	1
OMA03177	1	1	1
OMA03178	1	1	1
OMA03179	1	1	1
OMA03180	1	1	1
OMA03181	1	1	1
OMA03182	1	0	1
OMA03183	1	1	1
OMA03184	1	1	1
OMA03185	1	0	1
OMA03186	1	1	1
OMA03187	1	1	1
OMA03188	1	1	1
OMA03189	1	1	1
OMA03190	1	1	1
OMA03191	1	1	1
OMA03192	1	1	1
OMA03193	1	1	1
OMA03194	1	1	1
OMA03195	1	1	1
OMA03196	1	1	1
OMA03197	1	1	1
OMA03198	1	1	1
OMA03199	1	1	1
OMA03200	1	1	1
OMA03201	1	1	1
OMA03202	1	1	1
OMA03203	1	0	1
OMA03204	1	0	1
OMA03205	1	0	1
OMA03206	1	0	1
OMA03207	1	1	1
OMA03208	1	1	1
OMA03209	1	1	1
OMA03210	1	0	1
OMA03211	1	0	1
OMA03212	1	1	1
OMA03213	1	1	1
OMA03214	1	1	1
OMA03215	1	1	1
OMA03216	1	0	1
OMA03217	1	1	1
OMA03218	1	1	1
OMA03219	1	1	1
OMA03220	1	1	1
OMA03221	1	1	0
OMA03222	1	1	1
OMA03223	1	1	1
OMA03224	1	1	1
OMA03225	1	1	1
OMA03226	1	1	1
OMA03227	1	1	1
OMA03228	1	1	1
OMA03229	1	1	1
OMA03230	1	1	1
OMA03231	1	0	1
OMA03232	1	1	1
OMA03233	1	0	1
OMA03234	1	1	1
OMA03235	1	0	1
OMA03236	1	1	1
OMA03237	1	1	1
OMA03238	1	1	1
OMA03239	1	1	1
OMA03240	1	1	1
OMA03241	1	0	1
OMA03242	1	1	1
OMA03243	1	0	1
OMA03244	1	1	1
OMA03245	1	1	1
OMA03246	1	1	1
OMA03247	1	1	1
OMA03248	1	1	1
OMA03249	1	1	1
OMA03250	1	1	1
OMA03251	1	0	1
OMA03252	1	1	1
OMA03253	1	1	1
OMA03254	1	1	1
OMA03255	1	1	1
OMA03256	1	1	1
OMA03257	1	1	1
OMA03258	1	1	1
OMA03259	1	0	1
OMA03260	1	1	1
OMA03261	1	1	1
OMA03262	0	1	1
OMA03263	1	0	1
OMA03264	1	1	1
OMA03265	1	1	1
OMA03266	1	1	1
OMA03267	1	1	1
OMA03268	1	1	1
OMA03269	1	1	1
OMA03270	1	0	1
OMA03271	1	1	1
OMA03272	1	1	1
OMA03273	1	1	1
OMA03274	1	1	1
OMA03275	1	0	1
OMA03276	1	1	1
OMA03277	1	1	1
OMA03278	1	1	1
OMA03279	1	0	1
OMA03280	1	1	1
OMA03281	1	1	1
OMA03282	1	1	1
OMA03283	1	1	1
OMA03284	1	0	1
OMA03285	1	0	1
OMA03286	1	1	1
OMA03287	1	1	1
OMA03288	1	1	1
OMA03289	1	1	1
OMA03290	1	0	1
OMA03291	1	0	1
OMA03292	1	1	1
OMA03293	1	1	1
OMA03294	1	1	1
OMA03295	1	1	1
OMA03296	1	0	1
OMA03297	1	0	1
OMA03298	1	1	1
OMA03299	1	1	1
OMA03300	1	1	1
OMA03301	1	1	1
OMA03302	1	0	1
OMA03303	1	0	1
OMA03304	1	1	1
OMA03305	1	1	1
OMA03306	1	1	1
OMA03307	1	1	1
OMA03308	1	1	1
OMA03309	1	1	1
OMA03310	1	1	1
OMA03311	1	0	1
OMA03312	1	1	1
OMA03313	1	1	1
OMA03314	1	1	1
OMA03315	1	1	1
OMA03316	1	1	0
OMA03317	1	0	1
OMA03318	1	1	1
OMA03319	1	0	1
OMA03320	1	1	1
OMA03321	1	1	1
OMA03322	1	1	1
OMA03323	1	1	1
OMA03324	1	1	1
OMA03325	1	1	1
OMA03326	1	0	1
OMA03327	1	1	1
OMA03328	0	1	1
OMA03329	1	1	1
OMA03330	1	1	1
OMA03331	1	1	1
OMA03332	1	1	1
OMA03333	1	0	1
OMA03334	1	1	1
OMA03335	1	1	1
OMA03336	1	1	1
OMA03337	1	1	1
OMA03338	1	0	1
OMA03339	1	1	1
OMA03340	1	1	1
OMA03341	1	0	1
OMA03342	1	1	1
OMA03343	1	0	1
OMA03344	1	1	1
OMA03345	1	0	1
OMA03346	1	1	1
OMA03347	1	1	1
OMA03348	1	1	1
OMA03349	1	1	1
OMA03350	1	1	1
OMA03351	1	1	1
OMA03352	1	1	1
OMA03353	1	1	1
OMA03354	1	1	1
OMA03355	1	1	1
OMA03356	1	0	1
OMA03357	1	1	1
OMA03358	1	1	1
OMA03359	1	0	1
OMA03360	1	0	1
OMA03361	1	1	1
OMA03362	1	1	1
OMA03363	1	0	1
OMA03364	1	1	1
OMA03365	1	1	1
OMA03366	1	1	1
OMA03367	1	1	1
OMA03368	1	1	1
OMA03369	1	1	1
OMA03370	1	0	1
OMA03371	1	1	1
OMA03372	1	1	1
OMA03373	1	1	1
OMA03374	1	1	1
OMA03375	1	0	1
OMA03376	1	1	1
OMA03377	1	0	1
OMA03378	1	1	1
OMA03379	1	1	1
OMA03380	1	0	1
OMA03381	1	1	1
OMA03382	1	1	1
OMA03383	1	0	1
OMA03384	1	1	1
OMA03385	1	1	1
OMA03386	1	0	1
OMA03387	1	1	1
OMA03388	1	1	1
OMA03389	1	1	1
OMA03390	1	0	1
OMA03391	1	1	1
OMA03392	1	1	1
OMA03393	1	0	1
OMA03394	1	1	1
OMA03395	1	0	1
OMA03396	1	1	1
OMA03397	1	1	1
OMA03398	1	1	1
OMA03399	1	1	1
OMA03400	1	0	1
OMA03401	1	1	1
OMA03402	1	1	1
OMA03403	1	1	1
OMA03404	1	1	1
OMA03405	1	1	1
OMA03406	1	0	1
OMA03407	1	0	1
OMA03408	1	1	1
OMA03409	1	1	1
OMA03410	1	1	1
OMA03411	1	1	1
OMA03412	1	1	1
OMA03413	1	1	1
OMA03414	1	1	1
OMA03415	1	1	1
OMA03416	1	1	1
OMA03417	1	1	1
OMA03418	1	1	1
OMA03419	1	1	1
OMA03420	1	0	1
OMA03421	1	1	1
OMA03422	1	1	1
OMA03423	1	1	1
OMA03424	1	1	1
OMA03425	1	0	1
OMA03426	1	1	1
OMA03427	1	1	1
OMA03428	0	1	1
OMA03429	1	0	1
OMA03430	1	1	1
OMA03431	1	1	1
OMA03432	1	1	1
OMA03433	1	1	1
OMA03434	1	0	1
OMA03435	1	1	1
OMA03436	1	0	1
OMA03437	1	0	1
OMA03438	1	1	1
OMA03439	1	1	1
OMA03440	1	0	1
OMA03441	1	1	1
OMA03442	1	1	1
OMA03443	1	1	1
OMA03444	1	0	1
OMA03445	1	0	1
OMA03446	1	1	1
OMA03447	1	1	1
OMA03448	1	1	1
OMA03449	1	1	1
OMA03450	1	1	1
OMA03451	1	1	1
OMA03452	1	1	1
OMA03453	1	1	1
OMA03454	1	1	1
OMA03455	1	1	1
OMA03456	1	0	1
OMA03457	1	1	1
OMA03458	1	1	1
OMA03459	1	0	1
OMA03460	1	1	1
OMA03461	1	0	1
OMA03462	1	1	1
OMA03463	1	1	1
OMA03464	1	1	1
OMA03465	1	1	1
OMA03466	1	0	1
OMA03467	1	1	1
OMA03468	1	1	1
OMA03469	1	1	1
OMA03470	1	0	1
OMA03471	1	1	1
OMA03472	1	1	1
OMA03473	1	1	1
OMA03474	1	1	1
OMA03475	1	1	1
OMA03476	1	0	1
OMA03477	1	1	1
OMA03478	1	0	1
OMA03479	1	1	1
OMA03480	1	1	1
OMA03481	1	0	1
OMA03482	1	0	1
OMA03483	1	1	1
OMA03484	1	1	1
OMA03485	1	0	1
OMA03486	1	0	1
OMA03487	1	0	1
OMA03488	1	1	1
OMA03489	1	1	1
OMA03490	1	1	1
OMA03491	1	1	1
OMA03492	1	1	1
OMA03493	1	0	1
OMA03494	1	1	1
OMA03495	1	1	1
OMA03496	1	1	1
OMA03497	1	1	1
OMA03498	1	1	1
OMA03499	1	1	1
OMA03500	1	1	1
OMA03501	1	1	1
OMA03502	1	1	1
OMA03503	1	1	1
OMA03504	1	1	1
OMA03505	1	0	1
OMA03506	1	1	1
OMA03507	1	1	1
OMA03508	1	1	1
OMA03509	1	1	1
OMA03510	1	1	1
OMA03511	1	0	1
OMA03512	1	1	1
OMA03513	1	1	1
OMA03514	1	1	1
OMA03515	1	0	1
OMA03516	1	0	1
OMA03517	1	1	1
OMA03518	1	1	1
OMA03519	1	0	1
OMA03520	1	1	1
OMA03521	1	1	1
OMA03522	1	1	1
OMA03523	1	1	1
OMA03524	1	1	1
OMA03525	1	1	1
OMA03526	1	0	1
OMA03527	1	0	1
OMA03528	1	1	1
OMA03529	1	1	1
OMA03530	1	0	1
OMA03531	1	1	1
OMA03532	1	1	1
OMA03533	1	1	1
OMA03534	1	1	1
OMA03535	1	0	1
OMA03536	1	1	1
OMA03537	1	1	1
OMA03538	1	1	1
OMA03539	1	1	1
OMA03540	1	1	1
OMA03541	1	0	1
OMA03542	1	1	1
OMA03543	1	0	1
OMA03544	1	1	1
OMA03545	1	1	1
OMA03546	1	1	1
OMA03547	1	0	1
OMA03548	1	0	1
OMA03549	1	0	1
OMA03550	1	1	1
OMA03551	1	1	1
OMA03552	1	1	1
OMA03553	1	1	1
OMA03554	1	0	1
OMA03555	1	1	1
OMA03556	1	1	1
OMA03557	1	1	1
OMA03558	1	1	1
OMA03559	1	0	1
OMA03560	1	1	1
OMA03561	1	1	1
OMA03562	1	1	1
OMA03563	1	1	1
OMA03564	1	0	1
OMA03565	1	0	1
OMA03566	1	1	1
OMA03567	1	0	1
OMA03568	1	1	1
OMA03569	1	1	1
OMA03570	1	1	1
OMA03571	1	1	1
OMA03572	1	1	1
OMA03573	1	0	1
OMA03574	1	1	1
OMA03575	1	0	1
OMA03576	1	1	1
OMA03577	1	0	1
OMA03578	1	1	1
OMA03579	1	1	1
OMA03580	1	1	1
OMA03581	1	1	1
OMA03582	1	1	1
OMA03583	1	1	1
OMA03584	1	1	1
OMA03585	1	0	1
OMA03586	1	1	1
OMA03587	1	1	1
OMA03588	1	1	1
OMA03589	1	1	1
OMA03590	1	0	1
OMA03591	1	1	1
OMA03592	1	1	1
OMA03593	1	1	1
OMA03594	1	1	1
OMA03595	1	1	1
OMA03596	1	0	1
OMA03597	1	1	1
OMA03598	1	0	1
OMA03599	1	1	1
OMA03600	1	1	1
OMA03601	1	0	1
OMA03602	1	0	1
OMA03603	1	1	1
OMA03604	1	0	1
OMA03605	1	1	1
OMA03606	1	0	1
OMA03607	1	1	1
OMA03608	1	0	1
OMA03609	0	1	1
OMA03610	1	1	1
OMA03611	1	1	1
OMA03612	1	1	1
OMA03613	1	0	1
OMA03614	1	1	1
OMA03615	1	1	1
OMA03616	1	1	1
OMA03617	1	1	1
OMA03618	1	1	1
OMA03619	1	0	1
OMA03620	1	1	1
OMA03621	1	1	1
OMA03622	1	1	1
OMA03623	1	1	1
OMA03624	1	1	1
OMA03625	1	1	1
OMA03626	1	1	1
OMA03627	1	1	1
OMA03628	1	1	1
OMA03629	1	1	1
OMA03630	1	1	1
OMA03631	1	1	1
OMA03632	1	1	1
OMA03633	1	1	1
OMA03634	1	1	1
OMA03635	1	1	1
OMA03636	1	1	1
OMA03637	1	1	1
OMA03638	1	0	1
OMA03639	1	1	1
OMA03640	1	1	1
OMA03641	1	1	1
OMA03642	1	0	1
OMA03643	1	1	0
OMA03644	1	0	1
OMA03645	1	1	1
OMA03646	1	1	1
OMA03647	1	0	1
OMA03648	1	1	1
OMA03649	1	1	1
OMA03650	1	1	1
OMA03651	1	1	1
OMA03652	1	0	1
OMA03653	1	1	1
OMA03654	1	1	1
OMA03655	1	1	1
OMA03656	1	1	1
OMA03657	1	0	1
OMA03658	1	1	1
OMA03659	1	0	1
OMA03660	1	1	1
OMA03661	1	0	1
OMA03662	1	1	1
OMA03663	1	1	1
OMA03664	1	1	1
OMA03665	1	1	1
OMA03666	1	0	1
OMA03667	1	1	1
OMA03668	1	1	1
OMA03669	1	1	1
OMA03670	1	0	1
OMA03671	1	1	1
OMA03672	1	1	1
OMA03673	1	1	1
OMA03674	1	1	1
OMA03675	1	1	1
OMA03676	1	1	0
OMA03677	1	0	1
OMA03678	1	0	1
OMA03679	1	0	1
OMA03680	1	1	1
OMA03681	1	1	1
OMA03682	1	1	1
OMA03683	1	1	1
OMA03684	1	1	1
OMA03685	1	1	1
OMA03686	1	1	1
OMA03687	1	1	1
OMA03688	1	1	1
OMA03689	1	0	1
OMA03690	1	1	1
OMA03691	1	0	1
OMA03692	1	1	1
OMA03693	1	0	1
OMA03694	1	0	1
OMA03695	0	1	1
OMA03696	1	0	1
OMA03697	1	1	1
OMA03698	1	1	1
OMA03699	0	1	1
OMA03700	1	1	1
OMA03701	1	1	1
OMA03702	1	0	1
OMA03703	1	1	1
OMA03704	1	1	1
OMA03705	1	1	1
OMA03706	1	0	1
OMA03707	1	0	1
OMA03708	0	1	1
OMA03709	1	0	1
OMA03710	1	0	1
OMA03711	1	1	1
OMA03712	1	1	1
OMA03713	1	1	1
OMA03714	1	1	1
OMA03715	1	0	1
OMA03716	1	1	1
OMA03717	1	1	1
OMA03718	1	1	1
OMA03719	1	0	1
OMA03720	1	1	1
OMA03721	1	1	1
OMA03722	1	1	1
OMA03723	1	1	1
OMA03724	1	0	1
OMA03725	1	1	1
OMA03726	1	1	1
OMA03727	1	1	1
OMA03728	1	1	1
OMA03729	1	1	1
OMA03730	1	1	1
OMA03731	1	1	1
OMA03732	1	1	1
OMA03733	1	1	1
OMA03734	1	1	1
OMA03735	1	1	1
OMA03736	1	1	1
OMA03737	1	1	1
OMA03738	1	0	1
OMA03739	1	1	1
OMA03740	1	1	1
OMA03741	1	1	1
OMA03742	1	0	1
OMA03743	1	1	1
OMA03744	1	0	1
OMA03745	1	1	1
OMA03746	1	1	1
OMA03747	1	1	1
OMA03748	1	1	1
OMA03749	1	1	1
OMA03750	1	0	1
OMA03751	1	1	0
OMA03752	1	0	1
OMA03753	1	1	1
OMA03754	1	0	1
OMA03755	1	1	1
OMA03756	1	1	1
OMA03757	1	1	1
OMA03758	1	1	1
OMA03759	1	1	1
OMA03760	1	1	1
OMA03761	1	1	1
OMA03762	1	1	1
OMA03763	1	0	1
OMA03764	1	0	1
OMA03765	1	1	1
OMA03766	1	0	1
OMA03767	1	0	1
OMA03768	1	0	1
OMA03769	1	1	1
OMA03770	1	1	1
OMA03771	1	1	1
OMA03772	1	1	1
OMA03773	1	0	1
OMA03774	1	0	1
OMA03775	1	1	1
OMA03776	1	0	1
OMA03777	1	1	1
OMA03778	1	0	1
OMA03779	1	0	1
OMA03780	1	0	1
OMA03781	1	0	1
OMA03782	1	1	1
OMA03783	1	1	1
OMA03784	1	1	1
OMA03785	1	0	1
OMA03786	1	1	1
OMA03787	1	1	1
OMA03788	1	1	1
OMA03789	1	1	1
OMA03790	1	1	1
OMA03791	1	1	1
OMA03792	1	1	1
OMA03793	1	1	1
OMA03794	1	1	1
OMA03795	1	0	1
OMA03796	1	1	1
OMA03797	1	1	1
OMA03798	1	0	1
OMA03799	1	0	1
OMA03800	1	0	1
OMA03801	0	1	1
OMA03802	0	1	1
OMA03803	1	0	1
OMA03804	1	1	1
OMA03805	1	1	1
OMA03806	1	1	1
OMA03807	1	0	1
OMA03808	1	1	1
OMA03809	1	0	1
OMA03810	1	0	1
OMA03811	1	0	1
OMA03812	1	1	1
OMA03813	1	1	1
OMA03814	1	1	1
OMA03815	1	1	1
OMA03816	1	1	1
OMA03817	1	1	1
OMA03818	1	1	0
OMA03819	1	1	1
OMA03820	0	1	1
OMA03821	1	1	1
OMA03822	0	1	1
OMA03823	1	1	1
OMA03824	1	1	1
OMA03825	1	1	1
OMA03826	1	1	1
OMA03827	1	1	1
OMA03828	1	0	1
OMA03829	1	1	1
OMA03830	1	1	1
OMA03831	1	1	1
OMA03832	1	0	1
OMA03833	1	1	1
OMA03834	1	1	1
OMA03835	1	1	1
OMA03836	1	1	1
OMA03837	1	0	1
OMA03838	1	1	1
OMA03839	1	1	1
OMA03840	1	0	1
OMA03841	1	1	1
OMA03842	1	1	1
OMA03843	1	0	1
OMA03844	1	0	1
OMA03845	1	1	1
OMA03846	1	1	1
OMA03847	1	1	1
OMA03848	1	1	1
OMA03849	1	1	1
OMA03850	1	1	1
OMA03851	1	1	1
OMA03852	1	1	1
OMA03853	1	0	1
OMA03854	1	1	1
OMA03855	1	1	1
OMA03856	1	0	1
OMA03857	1	0	1
OMA03858	1	0	1
OMA03859	1	1	1
OMA03860	1	1	1
OMA03861	1	0	1
OMA03862	0	1	1
OMA03863	1	1	1
OMA03864	1	1	1
OMA03865	1	0	1
OMA03866	1	1	1
OMA03867	1	1	1
OMA03868	1	0	1
OMA03869	1	1	1
OMA03870	1	0	1
OMA03871	1	0	1
OMA03872	1	0	1
OMA03873	1	1	1
OMA03874	1	1	1
OMA03875	1	0	1
OMA03876	1	0	1
OMA03877	1	1	1
OMA03878	1	0	1
OMA03879	1	1	1
OMA03880	1	1	1
OMA03881	1	0	1
OMA03882	1	1	1
OMA03883	1	1	1
OMA03884	1	1	1
OMA03885	1	0	1
OMA03886	1	1	1
OMA03887	1	1	1
OMA03888	1	1	1
OMA03889	1	1	1
OMA03890	1	1	1
OMA03891	1	0	1
OMA03892	1	0	1
OMA03893	1	1	1
OMA03894	1	0	1
OMA03895	1	0	1
OMA03896	1	1	1
OMA03897	1	0	1
OMA03898	0	1	1
OMA03899	1	1	1
OMA03900	1	1	1
OMA03901	1	1	0
OMA03902	1	1	1
OMA03903	1	1	1
OMA03904	1	1	1
OMA03905	1	1	1
OMA03906	1	1	1
OMA03907	1	1	1
OMA03908	1	1	1
OMA03909	1	1	1
OMA03910	1	1	1
OMA03911	1	1	1
OMA03912	1	0	1
OMA03913	1	1	1
OMA03914	1	1	1
OMA03915	1	1	1
OMA03916	1	1	1
OMA03917	1	0	1
OMA03918	1	1	1
OMA03919	1	1	0
OMA03920	1	0	1
OMA03921	1	0	1
OMA03922	1	1	1
OMA03923	1	1	1
OMA03924	1	1	1
OMA03925	1	0	1
OMA03926	1	0	1
OMA03927	1	1	1
OMA03928	1	1	1
OMA03929	1	1	1
OMA03930	1	0	1
OMA03931	1	0	1
OMA03932	1	1	1
OMA03933	1	1	1
OMA03934	1	1	1
OMA03935	1	0	1
OMA03936	0	1	1
OMA03937	1	1	1
OMA03938	1	0	1
OMA03939	1	1	1
OMA03940	1	1	1
OMA03941	1	1	1
OMA03942	1	1	1
OMA03943	1	0	1
OMA03944	1	1	1
OMA03945	1	1	1
OMA03946	1	1	1
OMA03947	1	1	1
OMA03948	1	1	1
OMA03949	1	1	1
OMA03950	1	0	1
OMA03951	0	1	1
OMA03952	1	1	1
OMA03953	1	1	1
OMA03954	1	1	1
OMA03955	1	0	1
OMA03956	1	1	1
OMA03957	1	1	1
OMA03958	1	1	1
OMA03959	1	0	1
OMA03960	1	1	1
OMA03961	1	1	1
OMA03962	1	1	1
OMA03963	1	0	1
OMA03964	1	1	1
OMA03965	1	0	1
OMA03966	1	1	1
OMA03967	1	0	1
OMA03968	1	1	1
OMA03969	1	1	1
OMA03970	1	1	1
OMA03971	1	1	1
OMA03972	1	1	1
OMA03973	1	1	1
OMA03974	1	1	1
OMA03975	1	1	1
OMA03976	1	1	1
OMA03977	1	1	1
OMA03978	1	1	1
OMA03979	1	1	1
OMA03980	1	1	1
OMA03981	1	1	0
OMA03982	1	1	1
OMA03983	1	1	1
OMA03984	0	1	1
OMA03985	1	1	1
OMA03986	1	1	1
OMA03987	1	1	1
OMA03988	1	1	1
OMA03989	1	0	1
OMA03990	1	1	1
OMA03991	1	1	1
OMA03992	1	0	1
OMA03993	1	1	1
OMA03994	1	1	0
OMA03995	1	0	1
OMA03996	1	1	1
OMA03997	1	1	1
OMA03998	1	1	1
OMA03999	1	0	1
OMA04000	1	1	1
OMA04001	1	0	1
OMA04002	1	1	1
OMA04003	1	0	1
OMA04004	1	0	1
OMA04005	1	0	1
OMA04006	1	0	1
OMA04007	1	1	1
OMA04008	1	0	1
OMA04009	1	1	1
OMA04010	1	0	1
OMA04011	1	1	1
OMA04012	1	0	1
OMA04013	1	0	1
OMA04014	1	1	1
OMA04015	1	1	1
OMA04016	1	1	1
OMA04017	1	1	1
OMA04018	1	1	1
OMA04019	1	1	1
OMA04020	0	1	1
OMA04021	1	1	0
OMA04022	1	0	1
OMA04023	1	1	1
OMA04024	1	0	1
OMA04025	1	1	1
OMA04026	0	1	1
OMA04027	1	1	1
OMA04028	1	1	0
OMA04029	1	1	1
OMA04030	1	1	1
OMA04031	1	1	1
OMA04032	1	1	1
OMA04033	1	0	1
OMA04034	1	0	1
OMA04035	1	0	1
OMA04036	1	1	1
OMA04037	1	0	1
OMA04038	1	1	1
OMA04039	1	0	1
OMA04040	1	1	0
OMA04041	1	1	1
OMA04042	0	1	1
OMA04043	1	0	1
OMA04044	1	1	1
OMA04045	1	0	1
OMA04046	1	1	1
OMA04047	1	1	1
OMA04048	1	1	1
OMA04049	0	1	1
OMA04050	1	1	1
OMA04051	1	1	1
OMA04052	1	0	1
OMA04053	1	0	1
OMA04054	1	0	1
OMA04055	1	1	1
OMA04056	1	1	1
OMA04057	1	0	1
OMA04058	1	0	1
OMA04059	1	0	1
OMA04060	1	0	1
OMA04061	1	0	1
OMA04062	1	0	1
OMA04063	1	1	0
OMA04064	1	1	1
OMA04065	1	0	1
OMA04066	1	1	0
OMA04067	1	0	1
OMA04068	1	0	1
OMA04069	0	1	1
OMA04070	1	0	1
OMA04071	1	0	1
OMA04072	1	1	0
OMA04073	0	1	1
OMA04074	0	1	1
OMA04075	1	0	1
OMA04076	1	1	1
OMA04077	0	1	1
OMA04078	0	1	1
OMA04079	1	0	1
OMA04080	1	1	0
OMA04081	0	1	1
OMA04082	1	0	1
OMA04083	1	0	1
OMA04084	0	1	1
OMA04085	1	0	1
OMA04086	1	1	0
OMA04087	0	1	1
OMA04088	1	1	0
OMA04089	1	0	1
OMA04090	1	0	1
OMA04091	0	1	1
OMA04092	1	0	1
OMA04093	1	1	0
OMA04094	1	0	1
